brand_name,product_name,review_count,recommended_count,not_recommended_count
innisfree,Green Tea Hyaluronic Acid Hydrating Serum,400,370,30
Dermalogica,Circular Hydration Serum with Hyaluronic Acid,372,365,7
Supergoop!,Daily Dose Bioretinol + Mineral SPF 40 with Bakuchiol,370,359,11
Dr. Jart+,Ceramidin Skin Barrier Moisturizing Mask,366,353,13
Dermalogica,Daily Glycolic Cleanser,357,350,7
Murad,Vitamin C Triple Exfoliating Facial,362,349,13
Dermalogica,Smart Response Serum,354,347,7
Murad,Retinol Youth Renewal Eye Masks,368,345,23
WASO,YUZU-C Eye Awakening Essence,368,337,31
Dermalogica,Dynamic Skin Retinol Serum,344,337,7
First Aid Beauty,10% Vitamin C Brightening Serum,351,336,15
IT Cosmetics,Bye Bye Makeup 3-in-1 Makeup Melting Cleansing Balm,359,336,23
Dr. Jart+,Ceramidin Skin Barrier Serum Toner,344,332,12
La Mer,The Hydrating Infused Emulsion,360,332,28
Murad,AHA/BHA/Retinoid Daily Clarifying Peel,341,331,10
OLEHENRIKSEN,Dewtopia 5% AHA Firming Night Cr√®me,339,331,8
SEPHORA COLLECTION,Melting Cleansing Balm Cleanse + Balance,492,331,161
Murad,Retinol Youth Renewal Eye Serum,360,330,30
Caudalie,Resveratrol Lift Instant Firming Retinol Alternative Serum,358,330,28
Dr. Jart+,Ceramidin Cream-Infused Mask,343,329,14
alpyn beauty,Wild Huckleberry 8-Acid Polishing Peel Mask,349,328,21
Murad,Replenishing Multi-Acid Peel,357,327,30
SEPHORA COLLECTION,Targeted Pores Serum with BHA + PHA,340,326,14
WASO,YUZU-C Glow-On Shot Serum,361,324,37
REN Clean Skincare,Brightening Dark Circle Eye Cream,370,322,48
iNNBEAUTY PROJECT,Green Machine Vitamin C + Green Superfoods Jelly Serum,376,321,55
Sulwhasoo,Concentrated Ginseng Renewing Cream,343,319,24
DAMDAM,Mochi Mochi Luminous Plumping & Hydrating Moisturizer,336,314,22
Kate Somerville,DeliKate Recovery Cream,350,314,36
Shani Darden Skin Care,Cleansing Serum,340,314,26
Caudalie,Resveratrol Lift Retinol Alternative Firming Cashmere Moisturizer,336,313,23
SEPHORA COLLECTION,Clean Eye Mask,373,310,63
Murad,Retinol Youth Renewal Night Cream,334,309,25
The INKEY List,Fulvic Acid Brightening Cleanser,347,308,39
The INKEY List,Mini Fulvic Acid Brightening Cleanser,347,308,39
TULA Skincare,Rose Glow + Get It Cooling & Brightening Eye Balm,371,308,63
Youth To The People,Superclay Purify + Clear Power Mask with Niacinamide,349,308,41
Paula's Choice,C5 Super Boost Vitamin C Eye Cream,341,308,33
Biossance,Squalane + Vitamin C Rose Brightening Moisturizer,335,308,27
Dermalogica,AGE Bright Clearing Serum,343,307,36
SEPHORA COLLECTION,Targeted Dark Spots Serum with Enzymes,318,306,12
Kiehl's Since 1851,Ultra Facial Advanced Repair Barrier Cream,314,304,10
Lanc√¥me,R√©nergie Lift Multi-Action Ultra Dark Spot Correcting Cream SPF 30,317,303,14
Murad,Vitamin C Glycolic Brightening Serum,351,302,49
Murad,Mini Vitamin C Glycolic Brightening Serum,351,302,49
Dr. Lara Devgan Scientific Beauty,Hyaluronic Serum,321,302,19
Saint Jane Beauty,Luxury Beauty Serum Calming Treatment,355,300,55
Wishful,Honey Whip Peptide and Collagen Moisturizer,331,298,33
Youth To The People,Retinal + Niacinamide Youth Serum,317,298,19
Tata Harper,Water-Lock Moisturizer with Skin-Smoothing Peptides,344,296,48
SEPHORA COLLECTION,Hydrating Serum,300,295,5
SEPHORA COLLECTION,Overnight Hydrating Mask,300,295,5
Supergoop!,(Re)setting 100% Mineral Powder Sunscreen SPF 35 PA+++,377,295,82
Dr. Jart+,Every Sun Day Sun Fluid SPF 50+,325,295,30
LANEIGE,Water Bank Blue Hyaluronic Serum,311,294,17
Dr. Lara Devgan Scientific Beauty,Vitamin C+B+E Ferulic Serum,307,294,13
Peace Out,Microneedling Dark Spot Brightening Dots,365,294,71
Peter Thomas Roth,PRO Strength Niacinamide Discoloration Treatment,367,292,75
JLo Beauty,That Hit Single Gel-Cream Cleanser,363,291,72
Dermalogica,Daily Superfoliant Exfoliator,309,290,19
The Ordinary,100% Organic Cold-Pressed Moroccan Argan Oil,358,290,68
Supergoop!,Every. Single. Face. Watery Lotion SPF 50,356,289,67
The INKEY List,Bakuchiol Retinol Alternative Moisturizer,346,287,59
Kiehl's Since 1851,Milk-Peel Gentle Exfoliating Toner,305,287,18
Fenty Skin,Fat Water Hydrating Milky Toner Essence with Hyaluronic Acid + Tamarind,299,287,12
Dermalogica,Melting Moisture Mask,299,287,12
Dermalogica,Hydro Masque Exfoliant,320,286,34
Peter Thomas Roth,Potent-C Vitamin C Targeted Spot Brightener,318,286,32
Saint Jane Beauty,Luxury Sun Ritual Pore Smoothing Sunscreen SPF 30,293,285,8
Josie Maran,Get Even Sun Milk SPF 33,300,285,15
Sulwhasoo,Bestsellers Trial Kit,302,285,17
Paula's Choice,C5 Super Boost Vitamin C Moisturizer,293,284,9
Dermalogica,Retinol Acne Clearing Oil,314,283,31
Dermalogica,Mini Multi-Active Toner,317,281,36
Dermalogica,Multi-Active Toner,317,281,36
Isle of Paradise,Self-Tanning Oil Mist,320,278,42
Dr. Brandt Skincare,Radiance Resurfacing Foam,297,277,20
Dr. Zenovia Skincare,Bakuchiol Hydrating Cleanser,301,277,24
Lanc√¥me,R√©nergie Lift Multi-Action Ultra Dark Circle Correcting Eye Cream,298,276,22
alpyn beauty,Wild Nettle & Niacinamide Instant Firming Serum,288,276,12
IT Cosmetics,Bye Bye Lines 1.5% Hyaluronic Acid Serum,300,275,25
Dr. Zenovia Skincare,Clear Complexion Acne Solutions System,297,274,23
Skinfix,barrier+ Triple Lipid + Collagen Brightening Eye Treatment,277,272,5
Murad,Revitalixir Recovery Serum,306,271,35
Josie Maran,Pro-Retinol Megamoisture Face Cream,279,271,8
Dr. Dennis Gross Skincare,Advanced Retinol + Ferulic Triple Correction Eye Serum,304,271,33
Dr. Jart+,Pore Remedy Purifying Mud Mask,321,270,51
Kiehl's Since 1851,Midnight  Recovery Omega-Rich Cloud Cream,300,270,30
The INKEY List,Ceramide Hydrating Night Treatment,308,269,39
Murad,City Skin Age Defense Broad Spectrum SPF 50 PA++++,351,268,83
OLEHENRIKSEN,Banana Bright+ Vitamin CC Eye Sticks,300,268,32
iNNBEAUTY PROJECT,10 + 10 Moisturizer with 10% Vitamin C + 10% Peptide Complex + Ceramides,295,268,27
KORA Organics,Turmeric Glow Foaming Cleanser,290,267,23
HUM Nutrition,Private Party: Supports Vaginal & Urinary Tract Health,278,267,11
Peter Thomas Roth,Potent-C Vitamin C Power Eye Cream,345,265,80
fresh,Mini Rose & Hyaluronic Acid Deep Hydration Toner,337,264,73
Kiehl's Since 1851,Calendula Deep Clean Foaming Face Wash,307,264,43
Dr. Zenovia Skincare,5% Benzoyl Peroxide Acne Spot Treatment,287,263,24
TULA Skincare,Glow + Get It Cooling & Brightening Eye Balm,334,263,71
Paula's Choice,Pro Collagen Multi-Peptide Booster,270,261,9
Dermalogica,Awaken Peptide Depuffing Eye Gel,273,260,13
LANEIGE,Cream Skin Milk Oil Cleanser,304,260,44
Dermalogica,Dynamic Skin Recovery SPF50 Moisturizer,266,260,6
LANEIGE,Cream Skin Mist,292,260,32
REN Clean Skincare,Evercalm Barrier Support Face Oil,262,258,4
Dr. Lara Devgan Scientific Beauty,Peptide Eye Cream,268,258,10
Dr. Dennis Gross Skincare,Advanced Retinol + Ferulic Texture Renewal Serum,286,257,29
Dermalogica,BioLumin-C Vitamin-C Gel Moisturizer,271,257,14
The INKEY List,Glycolic Acid Exfoliating Toner,291,257,34
The Ordinary,100% Plant-Derived Hemi-Squalane,296,257,39
Sulwhasoo,Gentle Cleansing Foam Hydrating Makeup Remover,278,256,22
Sulwhasoo,Mini Gentle Cleansing Foam Hydrating Makeup Remover,278,256,22
Tata Harper,Resurfacing AHA + BHA Serum,320,255,65
IT Cosmetics,Bye Bye Pores 10% Glycolic Acid Serum,288,255,33
Algenist,10 Day Results Kit,258,253,5
CLINIQUE,Pep-Start Daily UV Protector Broad Spectrum SPF 50,366,253,113
Fenty Skin,Cocoa Cleans'r Soothing All-Over Cleansing Bar,300,251,49
COOLA,Full Spectrum 360¬∫ Refreshing Water Cream Organic Face Sunscreen SPF 50,267,250,17
Peace Out,Retinol Face Stick,274,249,25
Farmacy,Honey Grail Ultra-Hydrating Face Oil,312,248,64
Dr. Zenovia Skincare,Advanced Retinol Night Repair Treatment,267,247,20
Herbivore,Prism AHA + BHA Exfoliating Glow Facial,302,247,55
Kate Somerville,Liquid ExfoliKate Triple Acid Resurfacing Treatment,282,247,35
IT Cosmetics,Bye Bye Dark Spots 4% Niacinamide Serum,287,247,40
La Mer,The Eye Concentrate Cream,318,246,72
Dr. Zenovia Skincare,Inflam-Aging Night Repair Treatment,260,246,14
Supergoop!,Zincscreen 100% Mineral Sunscreen Lotion SPF 40 PA+++,355,245,110
CLINIQUE,Take The Day Off Charcoal Cleansing Balm Makeup Remover,259,245,14
The Ordinary,Salicylic Acid 2% Anhydrous Solution Pore Clearing Serum,331,244,87
REN Clean Skincare,Evercalm Redness Relief Serum,271,243,28
Peter Thomas Roth,Max Clear Invisible Priming Sunscreen Broad Spectrum SPF 45,276,242,34
Mount Lai,Gua Sha Facial Lifting Tool,304,242,62
Shani Darden Skin Care,Lactic Acid AHA Exfoliating Serum,255,241,14
Dr. Dennis Gross Skincare,Vitamin C Lactic Dewy Deep Cream,252,241,11
Dr. Dennis Gross Skincare,Advanced Retinol + Ferulic Overnight Wrinkle Treatment,247,239,8
ROSE INC,Solar Power Luminous SPF 30 Brightening Serum,267,238,29
TULA Skincare,Brightening Treatment Drops Triple Vitamin C Serum,277,238,39
Est√©e Lauder,"DayWear Advanced Multi-Protection Anti-Oxidant Moisturizer, Normal/Combination",298,238,60
Paula's Choice,CLINICAL 1% Retinol Treatment,264,238,26
SEPHORA COLLECTION,Resurfacing Peel Mask,243,237,6
First Aid Beauty,Ultra Repair Oil-Control Moisturizer,289,237,52
MARA,Chia + Moringa Algae Enzyme Cleansing Oil,241,237,4
Peace Out,Instant Pore Perfector,260,236,24
Summer Fridays,Super Amino Gel Cleanser,313,236,77
Kiehl's Since 1851,Avocado Nourishing Hydration Mask,316,236,80
The INKEY List,"Vitamin B, C, and E Moisturizer",296,235,61
Origins,GinZing Into the Glow Brightening Serum,259,235,24
JLo Beauty,That Limitless Glow Sheet Mask,307,235,72
tarte,SEA Mermaid Skin Hyaluronic H2O Serum,302,234,68
alpyn beauty,Juneberry & Collagen Hydrating Cold Cream Cleanser,240,233,7
Murad,Vitamin C Dark Circle Correcting Eye Serum,291,233,58
Herbivore,Bamboo Charcoal Detoxifying Soap Bar,342,233,109
innisfree,Dewy Glow Moisturizer with Cherry Blossom & Niacinamide,271,232,39
LAWLESS,Set The Stage Hydrating Primer Serum,251,232,19
Supergoop!,Daily Dose Hydra-Ceramide Boost + SPF 40 Sunscreen Oil PA+++,267,230,37
Supergoop!,Glowscreen Body Sunscreen SPF 40 PA+++,262,230,32
LANEIGE,Retinol Firming Cream Treatment with Peptides + Hyaluronic Acid,234,229,5
Caudalie,Premier Cru Anti Aging Cream Moisturizer with Hyaluronic Acid,245,228,17
Sulwhasoo,Essential Comfort Firming Cream,257,227,30
Sulwhasoo,Mini Essential Comfort Firming Cream,257,227,30
Paula's Choice,RESIST Advanced Replenishing Toner with Hyaluronic Acid,238,226,12
First Aid Beauty,Mineral Sunscreen Zinc Oxide Broad Spectrum SPF 30,246,224,22
Peace Out,Blemish Balm Cleanser,245,224,21
Herbivore,Phoenix Rosehip Anti-Aging Face Oil - For Dry Skin,343,223,120
Peter Thomas Roth,Water Drench Hyaluronic Cloud Hydra-Gel Eye Patches,291,223,68
Herbivore,Mini Phoenix Rosehip Anti-Aging Face Oil - For Dry Skin,343,223,120
Fenty Skin,Fenty Skin Travel Size Start'r Set,278,222,56
Herbivore,Nova 15% Vitamin C + Turmeric Brightening Serum,253,222,31
Drunk Elephant,Mini Virgin Marula LuxuryFace Oil,267,220,47
Bobbi Brown,Vitamin Enriched Eye Base,241,219,22
Naturally Serious,Get Even Cold-Pressed Peel Pads,230,218,12
Farmacy,Green Defense Daily Mineral Sunscreen SPF 30,300,218,82
Peace Out,Dark Spots Serum,257,217,40
iNNBEAUTY PROJECT,Retinol Remix 1% Retinol Treatment With Peptide & Tranexamic Acid,225,217,8
Summer Fridays,Midnight Ritual Retinol Renewal Serum,229,217,12
Dermalogica,Super Rich Repair Moisturizer,226,215,11
Murad,Outsmart Acne Clarifying Treatment,260,214,46
N√©cessaire,The Neck Serum - With 5 Peptides | 9% Peptide Blend,226,214,12
alpyn beauty,Line-Filling Eye Cream with Bakuchiol and Caffeine,262,214,48
Peter Thomas Roth,Water Drench Hyaluronic Cloud Rich Barrier Moisturizer,222,212,10
TULA Skincare,Bright Start Vitamin C Antioxidant Brightening Moisturizer,229,212,17
SEPHORA COLLECTION,Metal Facial Razor,238,212,26
Mario Badescu,"Facial Spray with Aloe, Herbs and Rosewater",300,210,90
FOREO,BEAR Facial Toning Device,229,210,19
Glow Recipe,Mini Blueberry Bounce Gentle Cleanser,318,209,109
Caudalie,Vinoperfect Brightening Glycolic Night Cream,240,208,32
alpyn beauty,Triple Vitamin C Brightening Bounce Cream Moisturizer,225,208,17
Herbivore,Jasmine Green Tea Oil Control Toner,313,208,105
Caudalie,Premier Cru Anti-Aging Serum with Niacinamide and Hyaluronic Acid,212,208,4
iNNBEAUTY PROJECT,Pimple Paste Overnight Blemish Drying Paste,252,208,44
Paula's Choice,10% Azelaic Acid Booster,216,207,9
SEPHORA COLLECTION,Vegan Makeup Remover and Cleansing Brush,241,207,34
ONE/SIZE by Patrick Starrr,Mini GO OFF Makeup Dissolving Mist,257,207,50
SEPHORA COLLECTION,Lip Sleeping Mask,323,206,117
Peter Thomas Roth,FIRMx Collagen Face & Eye Hydra-Gel Patches,218,205,13
Shani Darden Skin Care,Intensive Eye Renewal Cream with Firming Peptides,254,205,49
Dr. Dennis Gross Skincare,Vitamin C Lactic 15% Firm & Bright Serum,234,205,29
Tatcha,The Texture Tonic AHA Liquid Exfoliating Treatment,219,205,14
The Ordinary,Matrixyl* 10% + HA,238,205,33
The Ordinary,"""Buffet"" + Copper Peptides 1%",255,204,51
ONE/SIZE by Patrick Starrr,GO OFF Makeup Dissolving Mist,253,204,49
The Ordinary,Multi-Peptide Eye Serum,249,203,46
Biossance,Squalane + Retinol Night Serum,216,203,13
RANAVAT,Brightening Saffron Serum - Radiant Rani,216,203,13
Origins,PLANTSCRIPTION Multi-powered Anti-Aging Peptide Serum,226,203,23
The Ordinary,Argireline Solution 10%,247,202,45
goop,GOOPGLOW Exfoliating Dark Spot Sleep Serum,251,202,49
MILK MAKEUP,Watermelon Brightening Serum,299,202,97
LANEIGE,Radian-C Brightening Treatment Essence,203,202,1
The Ordinary,"""B"" Oil",245,201,44
Isle of Paradise,Own Your Glow Kit,280,200,80
REN Clean Skincare,Perfect Canvas Clean Jelly Oil Cleanser,266,199,67
OLEHENRIKSEN,Hydrabarrier Nourishing Face Oil,206,199,7
Dermalogica,Phyto Nature Oxygen Cream,200,199,1
Community Sixty-Six,Retinol Resurfacing Night Moisturizer,243,197,46
Tata Harper,Mini Clarifying Blemish & Oil Control Cleanser,267,197,70
Tata Harper,Clarifying Blemish & Oil Control Cleanser,267,197,70
The Ordinary,Amino Acids + B5,228,197,31
Community Sixty-Six,Hydrating Oil-Free Gel Moisturizer,241,197,44
Skinfix,Redness Recovery+ Antioxidant Redness Treatment Overnight Mask,242,195,47
Paula's Choice,CLINICAL Niacinamide 20% Treatment,220,195,25
Freck Beauty,Rich Bitch Cactus + Vitamin C Moisturizer,223,194,29
SEPHORA COLLECTION,Targeted Anti-Aging Bakuchiol Serum,206,194,12
Tatcha,The Clarifying Clay Mask Exfoliating Pore Treatment,209,194,15
HUM Nutrition,Collagen POP + Vitamin C Dissolvable Tablets,220,194,26
The INKEY List,Kaolin Mask,227,193,34
Freck Beauty,Cactus Water Cleansing Lactic Acid Toner,209,193,16
The Ordinary,Marine Hyaluronics,244,193,51
Biossance,Squalane+ Rose Vegan Lip Balm,278,192,86
KORA Organics,Active Algae Lightweight Moisturizer,209,192,17
DAMDAM,Nomad‚Äôs Cream Purifying & Exfoliating AHA Cleanser,198,192,6
Dermalogica,Calm Water Gel Moisturizer,219,192,27
EADEM,Milk Marvel Dark Spot Serum with Niacinamide and Vitamin C,221,191,30
Peace Out,Daily Blemish Repairing Moisturizer,221,190,31
Algenist,Blue Algae Vitamin C Skinclarity Brightening Serum,207,190,17
Paula's Choice,RESIST Perfectly Balanced Foaming Cleanser,200,189,11
Paula's Choice,10% Niacinamide Booster,194,187,7
Herbivore,Jade De-Puffing Face Roller,292,187,105
DAMDAM,Silk Rice Makeup-Removing Cleansing Oil,196,186,10
Fenty Skin,Watch Ya Tone 5% Niacinamide Dark Spot Serum with Vitamin C,199,186,13
The Outset,Ultralight Moisture-Boosting Botanical Oil,190,185,5
The Ordinary,Pycnogenol 5%,206,185,21
Clarins,Extra-Firming + Smoothing Neck & D√©collet√© Moisturizer,193,184,9
Naturally Serious,Fruit-Tox Resurfacing Facial Remedy,196,184,12
Tatcha,The Silk Cream,260,184,76
Dr. Barbara Sturm,Eye Cream,253,183,70
Summer Fridays,Heavenly Sixteen All-In-One Face Oil,214,183,31
Shiseido,Benefiance Wrinkle Smoothing Day Cream SPF 23,207,183,24
The INKEY List,Hyaluronic Acid Cleanser,220,182,38
Kate Somerville,Wrinkle Warrior 2-in-1 Plumping Moisturizer + Serum,359,182,177
Kiehl's Since 1851,Pure Vitality Skin Renewing Cream,207,182,25
REN Clean Skincare,Glow Daily Vitamin C Gel Cream,194,182,12
DAMDAM,Rice Drops Face Oil Hydrating Serum,186,182,4
HABIT,N¬∞41 Facial Sunscreen Mist with SPF 41,209,181,28
ROSE INC,Eye Revival Brightening Eye Cream,188,181,7
The Outset,Firming Vegan Collagen Prep Serum,188,181,7
Clarins,Extra-Firming Energy + Radiance Boosting Moisturizer,205,181,24
DERMAFLASH,DERMAPORE Ultrasonic Pore Extractor & Serum Infuser,281,180,101
Dr. Jart+,Dermask Micro Jet Clearing Solution,322,180,142
Kiehl's Since 1851,Ultra Facial Oil-Free Gel Cream,201,180,21
RANAVAT,Renewing Bakuchi Cr√®me - Eternal Reign,204,179,25
Dermalogica,Ultracalming Cleanser,199,179,20
Dr. Brandt Skincare,pores no more Vacuum Cleaner Pore Purifying Mask,239,179,60
CLINIQUE,Clinique iD Custom-Blend Hydrator Collection,271,179,92
Glow Recipe,Fruit Babies Bestsellers Kit,190,179,11
iNNBEAUTY PROJECT,Face Glaze Skin Barrier Protect & Glow Moisturizer,194,179,15
La Mer,The Moisturizing Soft Cream Moisturizer,200,178,22
Dr. Dennis Gross Skincare,Vitamin C Lactic Firm & Bright Eye Treatment,185,178,7
Kiehl's Since 1851,Midnight Recovery Botanical Cleansing Oil,226,178,48
Herbivore,Aquarius Pore Purifying BHA Cream,216,178,38
The INKEY List,Mandelic Acid Treatment,197,178,19
ROSE INC,Hydration Replenish Microencapsulated Plumping Gel Moisturizer,189,178,11
Herbivore,CLOUD JELLY Plumping Hydration Serum,209,177,32
Kiehl's Since 1851,Cannabis Sativa Seed Oil Herbal Concentrate (Hemp-Derived),222,176,46
Youth To The People,Superfood Hydrate + Firm Peptide Eye Cream,326,175,151
Caudalie,Vinosource-Hydra SOS Hydrating Hyaluronic Acid Serum,189,175,14
The Outset,Exfoliating Revitalizing & Energizing Caffeine Micro Polish,183,175,8
iNNBEAUTY PROJECT,Glaze Lip Oil,206,174,32
PROVEN Skincare,"Personalized Cleanser, SPF Day Moisturizer, Night Cream Set",209,174,35
Caudalie,Vinoperfect Brightening Glycolic Peel Mask,192,174,18
TULA Skincare,Protect + Glow Daily Sunscreen Gel Broad Spectrum SPF 30,197,174,23
Augustinus Bader,The Light Cream,195,174,21
BeautyBio,Glass & Gloss 2-Step Facial Retexturizing & Brightening Treatment,181,174,7
Peter Thomas Roth,PRO Strength Vitamin A/C/E Retinoid Treatment,178,174,4
CAY SKIN,Isle Lip Balm SPF 30 with Sea Moss and Aloe Stem Cells,228,174,54
Dr. Jart+,Dermask Water Jet Vital Hydra Solution,278,173,105
SEPHORA COLLECTION,Vitamin Mask,201,173,28
ROSE INC,Mini Skin Resolution Clarifying Acid Toner,184,172,12
The Ordinary,100% L-Ascorbic Acid Powder,202,172,30
ROSE INC,Skin Resolution Clean Exfoliating Acid Toner,184,172,12
Moon Juice,Plump Jelly Hyaluronic Serum,215,172,43
KORA Organics,Minty Mineral Hydration Face Mist with Aloe Vera,184,171,13
BeautyBio,The ZenBubble Gel Cream,193,170,23
Dermalogica,MultiVitamin Power Firm Eye Cream,204,170,34
Peter Thomas Roth,Max Vitamin D-Fense Sunscreen Serum Broad Spectrum SPF 50,172,169,3
RANAVAT,Smoothing Facial Polish - Imperial Glow,176,168,8
Est√©e Lauder,Micro Essence Treatment Lotion with Bio-Ferment,216,168,48
Paula's Choice,Clinical 0.3% Retinol + 2% Bakuchiol Treatment,170,168,2
RANAVAT,Resurfacing Saffron AHA Masque - Radiant Rani,181,168,13
Fenty Skin,Pre-Show Glow Instant Retexturizing 10% AHA Treatment + Reusable Applicator,184,167,17
Herbivore,Super Nova 5% THD Vitamin C + Caffeine Brightening Eye Cream,176,166,10
TULA Skincare,24-7 Power Swipe Hydrating Day & Night Treatment Eye Balm,185,166,19
La Mer,The Renewal Oil,199,165,34
NuFACE,NuFACE Mini+ Petite Facial Toning Device,175,165,10
LANEIGE,Berries n' Choco Kisses Set,183,165,18
Algenist,GENIUS Liquid Skin Resurfacing 2% BHA Toner,165,163,2
Hanni,Shave Starter Set,181,163,18
HUM Nutrition,PRO ACV Healthy Gut Vegan Gummies with 100% Organic Apple Cider Vinegar and Probiotics,168,162,6
IT Cosmetics,Hello Results Wrinkle-Reducing Daily Retinol Serum-in-Cream,172,161,11
Kosas,Plump + Juicy Lip Booster Buttery Treatment,194,161,33
Caudalie,Premier Cru Skin Barrier Rich Moisturizer with Bio-Ceramides,176,161,15
Dr. Brandt Skincare,Liquid Sun Shield Daily Brightening Mineral Sunscreen SPF 50,193,160,33
The Nue Co.,Forest Lungs Anti-Stress Fragrance Travel Spray,199,160,39
ROSE INC,Radiant Reveal Clean Brightening Vitamin C Serum,166,160,6
BeautyBio,Bright Eyes Collagen-Infused Brightening Colloidal Silver Eye Masks,202,159,43
TAN-LUXE,THE BODY Illuminating Self-Tan Drops,196,159,37
Algenist,Algae Niacinamide Moisture Veil,169,158,11
Charlotte Tilbury,Mini Charlotte's Magic Cream,247,157,90
RANAVAT,Balancing Cr√®me Cleanser - Luminous Ceremony,173,157,16
BeautyBio,Get That Glow - GloPRO Facial Microneedling Discovery Set,166,157,9
Kate Somerville,Goat Milk Moisturizing Cleanser,174,156,18
Flora + Bast,Age Adapting CBD Serum,177,156,21
LANEIGE,Water Bank Blue Hyaluronic Gel Moisturizer,191,156,35
Caudalie,Vinosource-Hydra Moisturizing Mask,161,155,6
MARA,Mini Algae + Moringa Universal Face Oil,156,154,2
tarte,SEA Pack Your Bags Undereye Patches,298,154,144
iNNBEAUTY PROJECT,Bright & Tight Dark Circle Firming Eye Cream with Vitamin C & Peptides,184,154,30
Caudalie,Vinoclean Gentle Cleansing Almond Milk,176,154,22
MARA,Algae + Moringa Universal Hydrating Face Oil,156,154,2
MILK MAKEUP,Hydro Ungrip Makeup Removing Cleansing Balm,164,154,10
Shiseido,Benefiance Wrinkle Smoothing Cream,164,154,10
Paula's Choice,Omega + Complex Cleansing Balm,166,153,13
Kate Somerville,+Retinol Vitamin C Moisturizer,177,153,24
Caudalie,Resveratrol Lift Retinol Alternative Firming Night Moisturizer,172,153,19
Naturally Serious,After-Dark Natural Peptide Sleeping Cream,177,153,24
TAN-LUXE,THE BUTTER Illuminating Tanning Butter,181,153,28
Clarins,V-Facial Instant Depuffing Face Mask,159,152,7
Peace Out,Puffy Under-Eye Patches,179,152,27
HUM Nutrition,Glow Sweet Glow - Skin Hydration Vegan Gummies with Hyaluronic Acid & Vitamin C + E,188,151,37
SEPHORA COLLECTION,Smoothing Cleanser,164,151,13
Herbivore,Orchid Antioxidant Beauty Face Oil - For Combination Skin,241,151,90
Dr. Brandt Skincare,PoreDermabrasion Pore Perfecting Exfoliator,316,150,166
The Nue Co.,Prebiotic + Probiotic Vegan Gut Microbiome Supplement,167,150,17
Kiehl's Since 1851,Super Multi-Corrective Anti-Aging Face and Neck Cream,171,150,21
Kiehl's Since 1851,Ultra Facial Toner,182,150,32
REN Clean Skincare,"Perfect Canvas Smooth, Prep & Plump Essence",155,150,5
Herbivore,Pink Cloud Soft Moisture Cream,229,150,79
HUM Nutrition,Beauty zzZz Sleep Support Supplement with Melatonin,215,149,66
Dermalogica,Sound Sleep Cocoon Night Gel-Cream,181,149,32
Caudalie,Vinoclean Moisturizing Toner with Rose Water,176,149,27
The Nue Co.,Debloat+ Anti-Bloat Supplement with Digestive Enzymes,172,149,23
SEPHORA COLLECTION,Blue Aventurine De-Puffing Facial Roller,150,148,2
Kiehl's Since 1851,Rare Earth Deep Pore Daily Cleanser,188,148,40
Biossance,Squalane + Elderberry Nourishing Jelly Cleanser,237,148,89
tarte,Pout Prep Lip Exfoliant,205,148,57
La Mer,The Regenerating Serum,174,147,27
Caudalie,Vinosource-Hydra Grape Water Gel Moisturizer,185,147,38
alpyn beauty,Vitamin C & Bearberry Instant Glow Serum,167,147,20
Kate Somerville,DeliKate Recovery Serum,156,146,10
Hanni,The Weighted Razor Kit,155,146,9
Community Sixty-Six,Makeup Melting Balm Cleanser,248,146,102
Hanni,Shave Pillow Moisturizing Body Gel,152,145,7
Caudalie,Resveratrol Lift Firming Eye Gel-Cream,174,145,29
EADEM,Cloud Cushion Plush Moisturizer with Ceramides + Peptides,151,145,6
iNNBEAUTY PROJECT,Keep It Clean Hydrating Gel Cleanser with Ceramides & 10 Amino Acids,155,144,11
The INKEY List,Rosehip Nourishing Night Oil,175,144,31
The Ordinary,Lactic Acid 5% + HA,172,143,29
Kiehl's Since 1851,Calendula Herbal Extract Alcohol Free Toner,194,143,51
alpyn beauty,Creamy Bubbling Cleanser with Vitamin C & AHAs,167,142,25
REN Clean Skincare,Evercalm Gentle Cleansing Milk,160,142,18
Tower 28 Beauty,SOS Intensive Redness Relief Serum,167,142,25
SEPHORA COLLECTION,Face Serum,238,142,96
Dr. Dennis Gross Skincare,Advanced Retinol + Ferulic Overnight Texture Renewal Peel,147,141,6
IT Cosmetics,Bye Bye Pores Leave-On Solution Pore-Refining Toner,187,141,46
Saint Jane Beauty,Bright Repair Eye Cream ‚Äì 10% Vitamin C,174,140,34
The INKEY List,Squalane Oil,148,140,8
Peter Thomas Roth,24K Gold Pure Luxury Lift & Firm Hydra-Gel Eye Patches,322,139,183
The Outset,Restorative Niacinamide Night Cream,152,139,13
TAN-LUXE,THE GRADUAL Illuminating Gradual Tan Lotion,173,139,34
Tatcha,The Silk Serum Wrinkle-Smoothing Retinol Alternative,144,139,5
Sulwhasoo,Concentrated Ginseng Renewing Serum,142,139,3
Paula's Choice,Skin Perfecting BHA 9 Treatment,146,139,7
Fenty Skin,Mini Instant Reset Brightening Overnight Recovery Gel-Cream With Niacinamide + Kalahari Melon Oil,168,138,30
Fenty Skin,Instant Reset Brightening Overnight Recovery Gel-Cream With Niacinamide + Kalahari Melon Oil,168,138,30
Kiehl's Since 1851,Buttermask Intense Repair Lip Treatment,191,138,53
Mario Badescu,Lip Balm,167,138,29
Dermalogica,Intensive Moisture Balance Moisturizer,151,137,14
DERMAFLASH,LUXE+ Advanced Sonic Dermaplaning + Peach Fuzz Removal,189,137,52
Saie,Sunvisor Radiant Moisturizing Face Sunscreen SPF 35,183,137,46
Caudalie,Vinopure Purifying Clay Mask,144,136,8
Peter Thomas Roth,Max Mineral Tinted Sunscreen Broad Spectrum SPF 45,172,135,37
Dr. Brandt Skincare,C Scription Vitamin C Brightening Serum,148,135,13
Mount Lai,Calming Herbal Repair Overnight Recovery Balm for Skin Barrier Support,160,134,26
MILK MAKEUP,Hydrating Oil Stick,276,134,142
Naturally Serious,Skin Warrior Moisture Rescue Cream,168,134,34
Tower 28 Beauty,Mini SOS Daily Rescue Facial Spray,189,134,55
Tata Harper,Restorative Plumping + Brightening Eye Cream,210,134,76
Dermalogica,Ultracalming Serum Concentrate,156,134,22
Algenist,POWER Recharging Night Pressed Serum,205,134,71
Lanc√¥me,Absolue Soft Cream Revitalizing & Brightening Moisturizer,139,133,6
SOBEL SKIN Rx,4.5% Retinol Serum,148,133,15
Hyper Skin,Brightening Dark Spot Vitamin C Serum,143,133,10
Dr. Dennis Gross Skincare,Advanced Retinol + Ferulic Intense Wrinkle Cream,141,132,9
CLINIQUE,Moisture Surge Hydrating Supercharged Concentrate,244,132,112
Dermalogica,Prisma Protect SPF 30 Moisturizer,141,131,10
alpyn beauty,Willow & Sweet Agave Plumping Lip Mask,148,131,17
Hourglass,Equilibrium Resurfacing Retinoid Treatment,132,131,1
fresh,Mini Sugar Strawberry Exfoliating Face Wash,183,131,52
SEPHORA COLLECTION,Clean Foot Mask,157,131,26
Dr. Jart+,Cicapair Redness Rescue Kit,148,130,18
The Nue Co.,Skin Filter Vitamin A and Zinc Blemish + Brightening Supplement,158,130,28
Dermalogica,AGE Smart Phyto-Nature Firming Serum,148,130,18
Supergoop!,(Glow)Setting 100% Mineral Powder SPF 35,147,130,17
Paula's Choice,CLINICAL Discoloration Repair Serum,138,130,8
MILK MAKEUP,Hydro Ungrip Makeup Remover + Cleansing Water,139,129,10
HABIT,N¬∞39 Facial Sunscreen Mist with SPF 39,137,129,8
NUDESTIX,Nudescreen Daily Mineral Veil SPF 30,153,128,25
Mount Lai,De-Puffing Jade Facial Roller,179,128,51
Shani Darden Skin Care,Triple Acid Signature Peel,129,128,1
SEPHORA COLLECTION,Jade Facial Roller,129,128,1
innisfree,Volcanic Clusters Pore Clearing Toner,143,128,15
Dr. Dennis Gross Skincare,Alpha Beta Ultra Gentle Daily Peel Pads for Sensitive Skin,239,127,112
SEPHORA COLLECTION,Rose Quartz Facial Roller,199,126,73
Kate McLeod,Face Stone Nourishing Solid Refillable Facial Oil with Tamanu + Blue Tansy,134,126,8
The Nue Co.,Skin Hydrator Ceramide and Hyaluronic Acid Supplement,159,126,33
Lanc√¥me,Absolue Rich Cream Moisturizer,127,125,2
Dior,Capture Youth Serum Collection,152,125,27
LANEIGE,Hydro UV Defense Sunscreen Broad Spectrum SPF 50+,152,124,28
The Ordinary,Ascorbyl Glucoside Solution 12%,163,124,39
Herbivore,Prism AHA + BHA Exfoliating Glow Serum,171,124,47
The Ordinary,Resveratrol 3% + Ferulic Acid 3%,164,123,41
GLO Science,GLO Lit Teeth Whitening Vials 3 Pack,149,123,26
Kosas,Plump + Juicy Vegan Collagen + Probiotic Spray-On Serum,141,123,18
FaceGym,Full Face Sculpt Kit - 14-Day Challenge,131,122,9
PMD,Clean Smart Facial Cleansing Device,171,122,49
Paula's Choice,Skin Perfecting 25% AHA + 2% BHA Exfoliant Peel,137,122,15
Dr. Zenovia Skincare,Scar Gel Treatment,137,122,15
Caudalie,Vinoclean Gentle Foam Cleanser,154,121,33
JLo Beauty,Brighten. Tighten. Hydrate. 3-Piece Set,134,121,13
LANEIGE,Water Bank Blue Hyaluronic Eye Cream,131,120,11
PMD,Clean Pro Rose Quartz,136,119,17
Kate Somerville,DeliKate Soothing Cleanser,144,119,25
StriVectin,TL Advanced  Tightening Neck Cream PLUS for Firming & Brightening,153,118,35
Herbivore,Moon Dew 1% Bakuchiol + Peptides Retinol Alternative Eye Cream,149,118,31
TULA Skincare,Eye Recharge + Replenish Pro-Ferm Overnight Eye Cream with Bakuchiol and Peptides,127,118,9
The Ordinary,EUK 134 0.1%,140,118,22
Drunk Elephant,Baby Bar Travel Duo with Case,134,118,16
StriVectin,Mini TL Advanced  Tightening Neck Cream PLUS for Firming & Brightening,153,118,35
Lanc√¥me,Absolue Revitalizing Eye Cream,128,118,10
The Ordinary,Ascorbyl Tetraisopalmitate Solution 20% in Vitamin F,166,117,49
Shani Darden Skin Care,Facial Sculpting Wand,130,117,13
Caudalie,Vinopure Oil-Control Moisturizer for Acne Prone Skin,139,117,22
First Aid Beauty,Facial Radiance Niacinamide Dark Spot Serum,186,116,70
Kate Somerville,"KateCeuticals Resurfacing Overnight Peel with Glycolic Acid, Retinol & Niacinamide",122,116,6
Dr. Zenovia Skincare,Hyaluronic Acid + Peptide Serum,122,116,6
Sunday Riley,Multivitamins 15% Vitamin C + Retinol Mini Set,158,115,43
Tata Harper,Clarifying AHA + BHA Mask,250,115,135
Kiehl's Since 1851,Daily Reviving Concentrate,138,115,23
Glow Recipe,Glowy Skin Prep Besties Set,116,114,2
JLo Beauty,That Overnight Hustle AHA + BHA Resurfacer,127,114,13
HUM Nutrition,Collagen Love Skin Firming Supplement with Hyaluronic Acid & Vitamin C,135,114,21
Algenist,GENIUS Collagen Calming Relief,125,114,11
REN Clean Skincare,Evercalm Gentle Cleansing Gel,125,114,11
St. Tropez,Self Tan Purity Bronzing Water Mousse,160,113,47
Drunk Elephant,Mini Protini Polypeptide Moisturizer,162,113,49
SOBEL SKIN Rx,15% Niacinamide Gel Serum,132,113,19
ROSE Ingleton MD,Signature Moisturizer,120,113,7
tarte,Baba Bomb Moisturizer,135,113,22
Shani Darden Skin Care,Weightless Oil-Free Moisturizer,140,112,28
Origins,GinZing Energizing Gel Cream with Caffeine & Niacinamide,119,112,7
First Aid Beauty,FAB Skin Lab Retinol Serum 0.25% Pure Concentrate,159,111,48
Tatcha,Gold Camellia Beauty Oil,181,111,70
FOREO,LUNA fofo,241,110,131
NuFACE,Trinity + Eye and Lip Enhancer Attachment Bundle,210,110,100
Naturally Serious,Mask-imum Revival Hydra-Plumping Mask,126,110,16
SEPHORA COLLECTION,Clarifying Peel Pads,117,110,7
Dr. Dennis Gross Skincare,Vitamin C Lactic Biocellulose Brightening Treatment Mask,117,110,7
The Outset,Smoothing Vitamin C Eye + Expression Lines Cream,124,109,15
Dermalogica,Power Cleanse Duo,113,108,5
La Mer,The Lip Balm,192,108,84
OLEHENRIKSEN,Pout Preserve Peptide Lip Treatment,118,107,11
EADEM,Dew Dream- Hydrating Makeup Removing Cleansing Balm with Tiger Grass,109,106,3
Dr. Jart+,Pore Remedy 5% Multi-Acid Radiance Peel,108,106,2
First Aid Beauty,FAB Skin Lab Retinol Eye Cream with Triple Hyaluronic Acid,162,106,56
Paula's Choice,RESIST Super-Light Daily Wrinkle Defense SPF 30,133,106,27
StriVectin,Super-C Retinol Brighten & Correct Vitamin C Serum,114,106,8
Biossance,Rapid Radiance Set,138,106,32
GLO Science,GLO Lit Teeth Whitening Vials 7 Pack + Lip Care,120,106,14
fresh,Mini Lotus Anti-Aging Night Moisturizer,155,105,50
Kiehl's Since 1851,Ultra Facial Cream Sunscreen SPF 30,158,105,53
Dr. Dennis Gross Skincare,Vitamin C Lactic Oil-Free Radiant Moisturizer,111,105,6
CLINIQUE,"Great Skin, Great Deal Set for Combination Oily Skin",268,105,163
DAMDAM,Snow Mushroom Pore Cleanser with Exfoliating Glove,108,105,3
The Outset,Gentle Micellar Antioxidant Cleanser,112,104,8
iNNBEAUTY PROJECT,Down to Tone Resurfacing Acid Toner,123,104,19
First Aid Beauty,Hydrating Serum with Hyaluronic Acid,112,103,9
Community Sixty-Six,Detoxifying AHA/BHA Gel Cleanser,119,103,16
Drunk Elephant,O-Bloos Rosi Glow Drops,159,103,56
The Outset,Nourishing Squalane Daily Moisturizer,112,101,11
Dr. Zenovia Skincare,Vitamin C Brightening Toner,107,101,6
Slip,Silk Sleepmask,171,101,70
GLO Science,GLO Brilliant Teeth Whitening GLO Vials 10 Pack plus Lip Care,133,101,32
Moon Juice,Sex Dust   Adaptogens For Fire*,136,100,36
alpyn beauty,Pore Perfecting Liquid Exfoliator with 2% BHA + Borage,100,100,0
Herbivore,Moon Fruit 1% Bakuchiol + Peptides Retinol Alternative Serum,111,100,11
TULA Skincare,24-7 Moisture Intense Ultra Hydrating Day & Night Cream with Hyaluronic Acid + Squalane,110,100,10
INC.redible,Crystal Ball Roller Gloss,112,100,12
The INKEY List,Alpha Arbutin Brightening Serum,116,99,17
Supergoop!,Mineral Mattescreen Sunscreen SPF 40 PA+++,131,99,32
Algenist,ALIVE Prebiotic Balancing Mask,118,99,19
Sulwhasoo,Overnight Vitalizing Mask,106,98,8
CLINIQUE,Blackhead Solutions Self-heating Blackhead Extractor,198,98,100
fresh,Mini Vitamin Nectar Glow Juice Antioxidant Face Serum,137,98,39
OLEHENRIKSEN,Truth Serum Vitamin C Serum,129,98,31
The INKEY List,Polyglutamic Acid Dewy Sunscreen SPF 30,100,97,3
Skinfix,Eczema+ Care Kit,115,97,18
Mario Badescu,"Facial Spray with Aloe, Cucumber and Green Tea",126,97,29
Glow Recipe,Plumping Power Duo,98,97,1
Drunk Elephant,Call It A Night Glycolic Serum + Moisturizer duo,112,97,15
Mario Badescu,"Mini Facial Spray with Aloe, Herbs and Rosewater",124,97,27
innisfree,Clarifying Spot Serum with Bija Seed Oil,102,96,6
Saint Jane Beauty,The C Drops ‚Äì 20% Vitamin C Blend Brightening Serum,100,96,4
FOREO,BEAR mini Facial Toning Device,114,96,18
KORRES,Black Pine 3D Eye-Lift Super Serum,159,96,63
Dr. Dennis Gross Skincare,Hyaluronic Marine Oil-Free Moisture Cushion,146,96,50
Dr. Zenovia Skincare,10% Glycolic Acne Control Peel Pads,105,95,10
Farmacy,Honey Halo Moisturizer Jumbo,100,95,5
Naturally Serious,Zero Baggage Anti-Dark Circle Eye Cream,116,95,21
Farmacy,Healthy Skin Starter Kit,98,95,3
SEPHORA COLLECTION,Ultra Glow Toner with Vitamins C + E,104,95,9
FaceGym,Active Blast Concentrated Collagen Daily Treatment,101,95,6
MACRENE actives,High Performance Face Serum with Vitamin C and Hyaluronic Acid,96,94,2
Origins,Mini Original Skin Retexturizing Mask with Rose Clay,105,94,11
Augustinus Bader,The Ultimate Soothing Cream,100,94,6
SEPHORA COLLECTION,Facial Cleansing Tool,100,94,6
Community Sixty-Six,Hydrating Caffeine Eye Cream,116,93,23
Dr. Brandt Skincare,MAGNETIGHT Age-Defier Mask,306,93,213
CLINIQUE,Fresh Pressed Daily Booster with Pure Vitamin C 10%,157,93,64
Herbivore,Coconut Milk Bath Soak,151,93,58
The Outset,Daily Essentials Travel Set,108,93,15
Naturally Serious,Supercharge Anti-Oxidant Moisture Serum,99,92,7
iNNBEAUTY PROJECT,The Healthy Skin Edit Bestsellers Kit,93,92,1
TAN-LUXE,Super Glow Hyaluronic Self-Tan Serum,129,92,37
La Mer,The Moisturizing Cool Gel Cream,137,92,45
Origins,Mini Clear Improvement Active Charcoal Mask to Clear Pore,127,92,35
HABIT,N¬∞38 Facial Sunscreen Mist with SPF 38,111,91,20
innisfree,Pore Clearing Matte Moisturizer with Volcanic Clusters,102,91,11
Dr. Dennis Gross Skincare,Hyaluronic Marine Dew It Right Eye Gel,148,91,57
Hyper Skin,Gentle Brightening Gel Cleanser with Mandelic Acid,97,90,7
Shani Darden Skin Care,Sake Toning Essence,99,89,10
Kate Somerville,KateCeuticals Lifting Eye Cream,96,89,7
Murad,Multi-Vitamin Infusion Oil,103,89,14
SEPHORA COLLECTION,Clean Charcoal Nose Strip,186,89,97
PMD,Personal Microderm Pro,124,89,35
Algenist,Blue Algae Vitamin C Dark Spot Correcting Peel,108,89,19
StriVectin,SD Advanced  PLUS Intensive Moisturizer For Wrinkles & Stretch Marks,92,88,4
COOLA,Organic Sunless Tan Anti-Aging Face Serum,156,87,69
Origins,Dr. Andrew Weil For Origins Mega-Bright SPF 30 Skin Tone Correcting Oil-Free Moisturizer,207,87,120
HUM Nutrition,Calm Sweet Calm Stress Management Vegan Gummies with Ashwagandha & L-Theanine,107,87,20
COOLA,Full Spectrum 360¬∞ Refreshing Water Mist Organic Face Sunscreen SPF 18,100,87,13
Dr. Jart+,Focuspot Dark Spot Micro Tip Patch,122,87,35
MACRENE actives,Plumping High Performance Lip Filler with Hyaluronic Acid,94,86,8
Kate Somerville,KateCeuticals Total Repair Cream,91,86,5
Kate Somerville,HydraKate Recharging Serum with Hyaluronic Acid,89,86,3
HUM Nutrition,Boost Sweet Boost - Vegan Gummies for Immune Support,88,86,2
Dr. Brandt Skincare,Clean Biotic pH-balanced yogurt cleanser with chlorophyll,104,86,18
Shiseido,Clarifying Cleansing Foam,110,86,24
Dr. Jart+,Dermask Water Jet Soothing Hydra Solution,130,85,45
Naturally Serious,Illumi-nation Anti-Fatigue Power Serum,88,85,3
Dr. Dennis Gross Skincare,Pro Facial Steamer,134,85,49
goop,GOOPGLOW Vita-C Brightening Eye Cream,100,85,15
Tata Harper,Mini Purifying Pore Detox Cleanser,170,84,86
Isle of Paradise,Express Ultra Dark Mousse,120,84,36
Kate Somerville,Daily Deflector Mineral Sunscreen SPF 40  PA++++,94,84,10
Tata Harper,Purifying Pore Detox Cleanser,170,84,86
First Aid Beauty,Bounce-Boosting Serum with Collagen + Peptides,88,84,4
Kate Somerville,HydraKate Recharging Water Cream Moisturizer,86,84,2
HUM Nutrition,Fan Club - multi-symptom menopause support,83,83,0
Peace Out,Acne Salicylic Acid Day & Night Duo,89,83,6
FaceGym,Multi-Sculpt High-Performance Gua Sha,84,83,1
Skin Laundry,Gentle Foaming Face Wash,194,83,111
Dr. Brandt Skincare,pores no more Mattifying Hydrator Pore Minimizing Gel,103,83,20
Kate Somerville,EradiKate Acne Mark Fading Gel with Salicylic Acid,87,83,4
Alpha-H,Vitamin A Serum with 0.5% Retinol,95,83,12
Peace Out,Salicylic Acid Acne Treatment Serum,123,82,41
HUM Nutrition,Counter Cravings - Helps Reduce Cravings and Boosts Metabolism,91,82,9
Paula's Choice,CLEAR Oil-Free Moisturizer,90,82,8
Kate Somerville,+Retinol Vita C Power Serum,121,82,39
Algenist,GENIUS Ultimate Anti-Aging Melting Cleanser,334,82,252
TULA Skincare,On The Go Best Sellers Travel Kit,93,81,12
iNNBEAUTY PROJECT,Refine AHA + BHA Texture & Pore Serum,83,81,2
Hourglass,Equilibrium Instant Plumping Eye Mask,90,81,9
Origins,Checks and Balances Polishing Exfoliator,93,81,12
Kate Somerville,KateCeuticals Firming Serum with Hyaluronic Acid,81,81,0
Lanc√¥me,Advanced G√©nifique Hydrogel Melting Mask,108,81,27
Origins,Mini Drink Up Intensive Overnight Hydrating Mask with Avocado & Swiss Glacier Water,105,81,24
FOREO,ESPADA Blue Light Acne Treatment,142,80,62
Supergoop!,PLAY Antioxidant Body Sunscreen Mist SPF 50 PA++++,294,80,214
FOREO,LUNA Mini 3,107,80,27
HUM Nutrition,Womb Service - OBGYN Formulated Prenatal Support Supplement,81,80,1
GLO Science,GLO to Go Teeth Whitening Pen,90,80,10
The Ordinary,100% Niacinamide Powder,91,79,12
The Ordinary,Mini Squalane Cleanser,108,79,29
Biossance,Squalane + Hyaluronic Toning Mist,98,79,19
Lanc√¥me,Clarifique Pro-Solution Brightening & Dark Spot Reducing Serum,81,79,2
iNNBEAUTY PROJECT,Next Level Moisturizer,93,79,14
Gisou,Honey Infused Lip Oil,81,79,2
Dr. Brandt Skincare,Cool Biotic Prebiotic Redness Relief Cream,109,79,30
Tata Harper,Rejuvenating Anti-Aging Serum,241,78,163
Kate Somerville,EradiKate Salicylic Acid Acne Treatment,105,78,27
SEPHORA COLLECTION,1 Minute Face Masks,121,78,43
MARA,Evening Primrose + Green Tea Algae Retinol Face Oil,78,78,0
La Mer,The Cleansing Foam,119,78,41
MARA,Mini Evening Primrose + Green Tea Algae Retinol Face Oil,78,78,0
Koh Gen Do,Cleansing Spa Water Cloths,284,78,206
Bobbi Brown,Extra Illuminating Moisture Balm,165,77,88
Dr. Dennis Gross Skincare,Alpha Beta Daily Moisturizer,83,77,6
CLINIQUE,Moisture Surge Eye 96-Hour Hydro-Filler Concentrate,142,77,65
Kate Somerville,EradiKate Clarifying Acne Gel Cleanser with Salicylic Acid,79,77,2
Glossier,Futuredew Facial Oil-Serum Hybrid,99,77,22
Charlotte Tilbury,Refillable Magic Night Moisturizer with Retinol,123,77,46
Shiseido,Perfect Cleansing Oil,144,77,67
Youth To The People,Kombucha + 10% AHA Liquid Exfoliant with Lactic Acid and Glycolic Acid,82,76,6
MARA,Chlorella + Reishi Sea Vitamin C S√©rum,76,76,0
Mario Badescu,"Facial Spray with Aloe, Chamomile and Lavender",91,76,15
lilah b.,Aglow Cleansing Butter,86,76,10
BeautyBio,Contouring + De-Puffing Rose Quartz Roller,84,75,9
NUDESTIX,NUDESKIN Lemon-Aid Detox & Glow Micro-Peel,81,75,6
SEPHORA COLLECTION,Supplement Case,111,75,36
Dr. Zenovia Skincare,Retinol Recovery Eye Cream,101,75,26
iNNBEAUTY PROJECT,Foam Around Clarifying Daily Cleanser Infused with Glycolic Acid,87,74,13
Alpha-H,Vitamin B Serum with 5% Niacinamide and Peptides,84,74,10
Kate Somerville,Glow In A Wink ExfoliKate Bestsellers Set,75,74,1
fresh,Black Tea Corset Cream Firming Moisturizer,153,74,79
BeautyBio,The Balance pH Balancing Gel Cleanser,87,74,13
Dr. Dennis Gross Skincare,Hyaluronic Marine Hydration Booster,137,74,63
Algenist,AA (Alguronic Acid) Barrier Serum,100,74,26
Kiehl's Since 1851,Epidermal Re-Texturizing Micro-Dermabrasion,81,73,8
tarte,Youth or Dare Multi-Acid & C-Serum,138,73,65
Skinfix,Barrier+ Besties Hydrating and Nourishing Kit,76,73,3
FaceGym,Face Coach Lifting Squalane Face Oil,76,73,3
Dr. Brandt Skincare,24/7 Retinol Eye Cream,108,73,35
Charlotte Tilbury,Daily Glow Toner with Niacinamide,84,72,12
Peter Thomas Roth,Acne Clearing Wash,137,72,65
TAN-LUXE,THE WATER Hydrating Self-Tan Water,90,72,18
The Ordinary,Mini Natural Moisturizing Factors + HA,92,72,20
Kiehl's Since 1851,Super Fluid Daily UV Defense Sunscreen Broad Spectrum SPF 50+,125,72,53
Sulwhasoo,Concentrated Ginseng Renewing Cream Classic,74,72,2
Alpha-H,Balancing Cleanser,77,72,5
SEPHORA COLLECTION,Crystal Facial Roller Set,87,71,16
FaceGym,Liftwear Brightening Vitamin C Gel-Cream,77,71,6
Naturally Serious,Mineral Sun Defense Moisturizer Broad Spectrum SPF 30,77,70,7
Origins,Plantscription Youth-Renewing Power Night Cream,78,70,8
Peter Thomas Roth,Potent-C Vitamin C Bright & Plump Moisturizer,109,70,39
Dr. Jart+,Focuspot Blemish Micro Tip Patch,95,70,25
Youth To The People,The Youth System,77,69,8
Sunday Riley,Blue Moon Clean-Rinse Cleansing Balm,276,69,207
KORRES,Mini Greek Yoghurt Foaming Cream Cleanser,85,69,16
CLINIQUE,"Great Skin, Great Deal Set for Dry Combination Skin",182,69,113
FaceGym,Electro-Lite Enzyme Brightening Gel Cleanser,71,68,3
Kate Somerville,Dry Skin Saver,114,68,46
FaceGym,Skin Changer Succinic Acid Essence-Toner,69,67,2
Drunk Elephant,Mini A-Passioni Retinol Cream,84,67,17
FaceGym,Hydro-Bound Hyaluronic Acid + Niacinamide Serum,69,67,2
Augustinus Bader,The Face Cream Mask,77,67,10
Moon Juice,SuperBeauty Daily Antioxidant SkinSupplement,69,66,3
Shiseido,Ultra Sun Protection Lotion Broad Spectrum SPF 50+ WetForce for Sensitive Skin & Children,227,66,161
Saint Jane Beauty,Hydrating Petal Cream ‚Äì 1% Pure Hyaluronic Acid Moisturizer,76,66,10
Lanc√¥me,Hydra Zen Anti-Stress Moisturizing Face Cream,78,65,13
PMD,Clean Pro,77,65,12
NUDESTIX,NUDESKIN Citrus-C Mask & Daily Moisturizer,73,65,8
FaceGym,Brightening Active Roller with Vitamin C,67,65,2
OLEHENRIKSEN,3 Mega Wonders,81,64,17
The INKEY List,SuperSolutions 1% Retinol Serum,78,64,14
StriVectin,Advanced Retinol Nightly Renewal Face Moisturizer with Retinol,65,64,1
SEPHORA COLLECTION,Clarifying Serum,79,64,15
Rosebud Perfume Co.,Strawberry Lip Balm,112,63,49
First Aid Beauty,FAB Pharma BHA Acne Spot Treatment Gel 2% Salicylic Acid,77,63,14
The Ordinary,Salicylic Acid 2% Exfoliating Blemish Solution,77,63,14
Paula's Choice,CLEAR Daily Skin Clearing Treatment with 2.5% Benzoyl Peroxide,66,63,3
TULA Skincare,Instant De-Puff Eye Renewal Serum,76,63,13
Naturally Serious,Sleepover Retin-Oil Nighttime Treatment,64,62,2
Kiehl's Since 1851,Ultra Facial Moisturizer Sunscreen SPF 30,91,62,29
SK-II,PITERA First Experience Kit,82,62,20
CLINIQUE,Moisture Surge Intense 72H Lipid-Replenishing Hydrator Moisturizer,96,62,34
Dr. Brandt Skincare,Dark Spots No More Triple Acid Spot Minimizing Concentrate,82,62,20
TULA Skincare,Beauty Sleep Overnight Repair Treatment Cream with AHA's and Vitamin C,72,61,11
StriVectin,Daily Reveal  Exfoliating Face Pads with AHA + BHA + PHA + TXA,64,61,3
Augustinus Bader,The Eye Cream with  TFC8,75,61,14
Sunday Riley,Pink Drink Firming Resurfacing Peptide Face Mist,95,61,34
KORA Organics,Noni Glow Overnight Plumping Hydration Mask,92,61,31
Augustinus Bader,The Serum with  TFC8,82,61,21
CLINIQUE,Dramatically Different Moisturizing Cream,164,61,103
Dr. Brandt Skincare,Microdermabrasion Renewing Age-Defying Face Exfoliator,61,60,1
PMD,PMD Personal Microderm with Hand & Foot Kit,77,60,17
CLINIQUE,Superdefense City Block Broad Spectrum SPF 50 Daily Energy + Face Protector Primer,88,60,28
Wishful,Pillowgasm Vitamin-Rich Cherry Glow Sleep Mask,66,60,6
DAMDAM,Skin Mud Pure Vitamin C Brightening Mask,62,60,2
NUDESTIX,NUDESKIN 3-Step: Citrus Renew Set For Makeup,73,60,13
The Ordinary,100% Organic Virgin Chia Seed Oil,75,60,15
First Aid Beauty,FAB Pharma White Clay Acne Treatment Pads 2% Salicylic Acid,65,59,6
Naturally Serious,Lemon-Aid Makeup-Removing Cleansing Gel,67,59,8
The INKEY List,SuperSolutions 5% Benzoyl Peroxide Cleanser Acne Solution,79,59,20
SEPHORA COLLECTION,SUPERMASK - The Charcoal Mask,88,59,29
Hourglass,Equilibrium Intensive Hydrating Eye Balm,66,59,7
Danessa Myricks Beauty,Beauty Oil with Gold Leaf,67,59,8
CANOPY,The Canopy Humidifier Starter Set,69,59,10
CLINIQUE,Even Better Clinical Radical Dark Spot Corrector + Interrupter Serum,91,58,33
Origins,Mega-Mushroom Skin Relief Micellar Cleanser,86,58,28
Jillian Dempsey,Gold Sculpting Bar,67,58,9
Skinfix,Barrier+ Foaming Clay Cleanser,69,58,11
Isle of Paradise,Pro Glow Spray Tan Kit,74,58,16
CLINIQUE,Mini Even Better Clinical Radical Dark Spot Corrector + Interrupter Serum,91,58,33
St. Tropez,Tan Build Up Remover Mitt,59,57,2
Paula's Choice,CLEAR Pore Normalizing Acne Cleanser,74,57,17
Paula's Choice,The UnScrub Gentle Cleansing Scrub,62,57,5
Mario Badescu,Glycolic Acid Toner,73,56,17
Hyper Skin,Fade and Glow AHA Mask,63,56,7
HUM Nutrition,Raw Beauty Skin & Energy Green Superfood Powder,247,56,191
tarte,SEA Mini Drink of H2O Hydrating Boost Moisturizer,86,56,30
Murad,Renewing Eye Cream,253,56,197
Peter Thomas Roth,24K Gold Mask Pure Luxury Lift & Firm,197,56,141
Herbivore,Aquarius BHA + Blue Tansy Clarity Cleanser,55,55,0
MACRENE actives,High Performance Face Cleanser for Clear Skin with Niacinamide,55,55,0
PMD,Personal Microderm Elite Pro,60,55,5
Dr. Barbara Sturm,Cleanser,70,55,15
Murad,Essential-C Toner,272,55,217
fresh,Mini Lotus Youth Preserve Moisturizer,75,55,20
Mount Lai,De-Puffing Rose Quartz Facial Roller,75,55,20
L'Occitane,Immortelle Reset Overnight Reset Oil-In Serum,61,54,7
Wander Beauty,Baggage Claim Rose Gold Eye Masks,71,54,17
Dr. Brandt Skincare,pores no more Pore Purifying Cleanser,67,54,13
Saint Jane Beauty,Sacred Sleep Overnight Repair with Retinol,57,54,3
Bobbi Brown,Hydrating Face Cream Moisturizer,224,54,170
PMD,Clean Pro Obsidian,58,54,4
La Mer,The Moisturizing Soft Lotion,71,54,17
RANAVAT,Restoring Moonseed Treatment - L‚ÄôImmortale Empress,54,54,0
TULA Skincare,Secret Solutions Pro-Glycolic 10% Resurfacing Toner,67,54,13
TULA Skincare,Mineral Magic Oil-Free Mineral Sunscreen Fluid Broad Spectrum SPF 30,62,54,8
Mario Badescu,Acne Facial Cleanser,80,54,26
CLINIQUE,Acne Solutions Cleansing Gel,102,54,48
Paula's Choice,Omega+ Complex Moisturizer,64,53,11
Moon Juice,Ting Energy + Metabolism Non-Stim Supplement With Ginseng,59,53,6
Dr. Jart+,Dermask Ultra Jet Peeling Solution,65,52,13
The INKEY List,SuperSolutions 10% Urea Moisturizer Textured Skin Solution,62,52,10
Herbivore,Rose Hibiscus Hydrating Mist,68,52,16
The INKEY List,SuperSolutions 20% Niacinamide Serum,69,52,17
The INKEY List,SuperSolutions 10% Azelaic Serum Redness Relief Solution,74,52,22
Herbivore,Rose Quartz Gua Sha,76,52,24
TAN-LUXE,HYDRA MOUSSE Hydrating Self-Tan Mousse,65,52,13
Clarins,Lip Comfort Hydrating Oil,63,52,11
Paula's Choice,CLEAR Ultra-Light Daily Hydrating Fluid SPF 30+,59,52,7
FaceGym,Youth Reformer Firming Vitamin C Oil Serum,53,52,1
MARA,Plankton + PHAFlower Acid Algae Serum,53,52,1
BeautyBio,The Eyelighter Concentrate,55,52,3
Paula's Choice,CLEAR Anti-Redness Exfoliating Solution with 2% Salicylic Acid,55,52,3
Tata Harper,Purifying Pore & Blackhead Detox Mask,129,51,78
First Aid Beauty,Hydrating Eye Cream with Hyaluronic Acid,70,51,19
Kiehl's Since 1851,Ultra Facial Moisturizer,84,51,33
Sunday Riley,Saturn Sulfur + Niacinamide Spot Treatment Mask,99,51,48
Tata Harper,Tata's Daily Essentials Kit,120,51,69
Clarins,Blue Orchid Radiance & Hydrating Natural Face Treatment Oil,99,51,48
Farmacy,Honey Potion Plus Ceramide Hydration Mask,73,51,22
StriVectin,Super-C SPF 30 Vitamin C Face Moisturizer,52,50,2
Murad,Renewing Cleansing Cream,254,50,204
MACRENE actives,High Performance Eye Cream for Dark Circles with Hyaluronic Acid,51,50,1
fresh,Vitamin Nectar Glow Juice Antioxidant Face Serum,70,50,20
FOREO,LUNA 4 go Facial Cleansing & Massaging Device,53,50,3
Glossier,Milky Jelly Gentle Gel Face Cleanser,66,50,16
Hourglass,Equilibrium Restoring Essence,52,50,2
Mario Badescu,"Mini Facial Spray with Aloe, Cucumber and Green Tea",68,49,19
Charlotte Tilbury,Goddess Clay Mask,61,49,12
Isle of Paradise,Night Glow Self-Tan Face Mist,71,49,22
Tatcha,Aburatorigami Japanese Blotting Papers,54,49,5
Mario Badescu,Glycolic Foaming Cleanser,62,49,13
Hourglass,Equilibrium Rebalancing Cream Cleanser,55,49,6
Youth To The People,Peptides + C Energy Eye Concentrate with Vitamin C and Caffeine,50,49,1
CAY SKIN,Deepwater Nourishing Lip Mask with Sea Moss and Aloe Stem Cells,55,49,6
First Aid Beauty,Fab Faves To Go Kit,83,49,34
INC.redible,Party Recharge Hydrating Hyaluronic Under Eye Masks,76,48,28
Supergoop!,Mini PLAY Everyday Sunscreen Lotion SPF 30 PA++++,57,48,9
BeautyBio,The Pout Sparkling Ros√© Hyaluronic Acid Collagen Plumping Lip Serum,82,48,34
Mario Badescu,Enzyme Cleansing Gel,72,47,25
REN Clean Skincare,Stop Being So Sensitive Evercalm Kit,69,47,22
The INKEY List,C-50 Blemish Night Treatment,59,47,12
StriVectin,Peptight  Tightening & Brightening Face Serum,47,47,0
Dr. Barbara Sturm,Face Mask,54,47,7
SEPHORA COLLECTION,Vitamin Tonic,48,47,1
StriVectin,Contour Restore Tightening & Sculpting Moisturizing Face Cream,48,47,1
Est√©e Lauder,Perfectly Clean Multi-Action Foam Cleanser/Purifying Mask,116,47,69
TULA Skincare,So Polished Exfoliating Sugar Scrub,51,47,4
CLINIQUE,Mini Moisture Surge 100H Auto-Replenishing Hydrator Moisturizer,55,47,8
La Mer,The Broad Spectrum SPF 50 UV Protecting Fluid,67,47,20
iNNBEAUTY PROJECT,GREEN MACHINE insta-glo resurfacing acid mask,49,46,3
First Aid Beauty,2-in-1 Cleansing Oil + Makeup Remover,74,46,28
La Mer,The Moisturizing Matte Lotion,62,46,16
SEPHORA COLLECTION,Gradual Self-Tanning Face Gel,65,46,19
Dior,One Essential Skin Boosting Super Serum,54,46,8
CLINIQUE,Redness Solutions Soothing Cleanser,287,46,241
Isle of Paradise,Day Dew Self-Tan Face Mist,53,45,8
Tatcha,Luminous Deep Hydration Lifting Mask,82,45,37
TULA Skincare,Balancing Act Purifying & pH Balancing Biodegradable Toner Pads,55,45,10
Tata Harper,Repairative Anti-Aging Moisturizer,136,45,91
CLINIQUE,Broad Spectrum SPF 50 Mineral Sunscreen Fluid for Face,84,45,39
TULA Skincare,Protect + Plump Firming & Hydrating Face Moisturizer,54,45,9
Dior,Capture Youth Age-Delay Advanced Cr√®me,64,45,19
CLINIQUE,Repairwear Intensive Lip Treatment,270,45,225
Mount Lai,Amethyst Roller,53,44,9
Dr. Barbara Sturm,Night Serum,47,44,3
TULA Skincare,Hello Radiance Illuminating Serum,55,44,11
SEPHORA COLLECTION,4 Piece Facial Razor Set,75,44,31
Tata Harper,Superkind Fragrance-Free Fortifying Moisturizer,50,44,6
tarte,knockout daily exfoliating cleanser,59,44,15
FaceGym,Face Ball Tension Release Tool,48,44,4
Mario Badescu,Seaweed Night Cream,62,44,18
Murad,Hydrating Toner,317,44,273
LANEIGE,Mini Cream Skin Toner & Moisturizer,52,44,8
Est√©e Lauder,DayWear Matte Oil-Control Anti-Oxidant Moisturizer Gel Creme,52,44,8
Moon Juice,Milk Cleanse Gentle Foaming Cleanser,48,43,5
Paula's Choice,Skin Perfecting 8% AHA Gel Exfoliant,47,43,4
HUM Nutrition,Moody Bird PMS Support Supplement,82,43,39
StriVectin,Peptight  360Àö Tightening Eye Serum,47,43,4
SEPHORA COLLECTION,Clean Hand Mask,67,43,24
Shiseido,Bio-Performance Advanced Super Revitalizing Cream,358,43,315
CAY SKIN,Isle Glow Body Lotion SPF 45 with Sea Moss and Cocoa Seed Butter,47,43,4
Tata Harper,Superkind Fragrance-Free Bio-Barrier Serum,44,43,1
Fenty Skin,Flash Nap Instant Revival Priming Eye Gel-Cream With Green Tea + Persian Silk Tree,70,43,27
StriVectin,Peptight Tightening Neck Serum Roller,44,43,1
Slip,Silk Pillowcase - King,86,43,43
CLINIQUE,Broad Spectrum SPF 50 Sunscreen Face Cream,238,43,195
SEPHORA COLLECTION,Pores Target Serum,56,43,13
Moon Juice,Cosmic Cream Collagen Protecting Moisturizer,75,43,32
The INKEY List,Symbright Brightening Moisturizer,75,43,32
Tata Harper,Superkind Fragrance-Free Softening Cleanser,48,42,6
Origins,Plantscription SPF 25 Power Anti-Aging Cream,63,42,21
OLEHENRIKSEN,Mini Lemonade Smoothing Scrub,52,42,10
Kate Somerville,Retinol Firming Eye Cream,131,42,89
COOLA,Classic Body Organic Sunscreen Spray SPF 70 Peach Blossom,52,42,10
TULA Skincare,So Smooth Resurfacing & Brightening Fruit Enzyme Mask,44,41,3
La Mer,The Replenishing Oil Exfoliator,47,41,6
Algenist,Gentle Rejuvenating Cleanser,264,41,223
Dr. Barbara Sturm,Enzyme Cleanser,58,41,17
Caudalie,Gentle Buffing Cream,236,41,195
Paula's Choice,Omega+ Complex Serum,55,41,14
MARA,Spirulina + Ashwagandha Volcanic Sea Clay Detox Masque,41,41,0
StriVectin,Advanced Retinol Nightly Multi Correct Serum,42,41,1
Paula's Choice,Hyaluronic Acid Booster,47,41,6
TULA Skincare,Wrinkle Treatment Drops Retinol Alternative Serum,47,41,6
StriVectin,Advanced Retinol Daily Repair Face Moisturizer Broad Spectrum SPF 30,42,40,2
Dr. Dennis Gross Skincare,Hyaluronic Marine Hydrating Modeling Mask,76,40,36
TULA Skincare,So Poreless Deep Exfoliating Blackhead Scrub,52,40,12
Kiehl's Since 1851,Calendula Petal-Infused Calming Mask with Aloe Vera,45,40,5
TULA Skincare,Sensitive Skin Treatment Drops Calming Vitamin B Serum,48,40,8
fresh,Black Tea Firming Eye Serum,63,40,23
Shiseido,Mini Urban Environment Oil-Free Sunscreen Broad-Spectrum SPF 42,46,40,6
TULA Skincare,Revive + Rewind Revitalizing Eye Cream,46,40,6
PMD,Clean Pro Jade,40,39,1
goop,G.Tox Ultimate Dry Brush,54,39,15
Moon Juice,Brain Dust,51,39,12
Shiseido,Ultimate Sun Protection Spray Broad Spectrum SPF 50+ For Face/Body,137,39,98
KORRES,MenoReverse Volumizing Serum-in-Moisturizer,58,39,19
Mario Badescu,Hyaluronic Eye Cream,75,39,36
SEPHORA COLLECTION,Reusable Cotton Pads,57,39,18
CLINIQUE,Sun-Kissed Face Gelee Complexion Multitasker Bronzer,64,38,26
L'Occitane,Immortelle Divine Cream,159,38,121
StriVectin,Hyaluronic Tripeptide Gel-Cream for Eyes,45,38,7
tarte,Mini SEA Deep Dive Cleansing Gel,45,38,7
Mario Badescu,Vitamin C Serum,49,38,11
DAMDAM,Paradisi Hydrating Essence Mist,40,38,2
belif,Aqua Bomb Mist,48,38,10
Tatcha,Dewy Cleanse + Hydrate Duo,42,38,4
Paula's Choice,Hyaluronic Acid + Peptide Lip Treatment Booster,52,38,14
innisfree,Dewy Glow Jam Cleanser with Jeju Cherry Blossom,42,37,5
Origins,Plantscription Anti-Aging Cleanser,101,37,64
PMD,Personal Microderm,59,37,22
LANEIGE,Water Bank Blue Hyaluronic Hydration Set,52,37,15
Tata Harper,Retinoic Nutrient Face Oil With Vitamin A,75,37,38
Tata Harper,Clarifying Moisturizer,81,37,44
StriVectin,Super-C Dark Circle Brightening Eye Serum,40,37,3
fresh,Mini Rose & Hyaluronic Acid Deep Hydration Moisturizer,52,37,15
REN Clean Skincare,Clearcalm Clarifying Clay Cleanser,40,36,4
Tata Harper,Nourishing Makeup Removing Oil Cleanser,95,36,59
Glossier,After Baume Moisture Barrier Recovery Cream,47,36,11
tarte,Mini Maracuja Oil,50,36,14
Peter Thomas Roth,Full-Size Water Drench Hydra-Pair 2-Piece Kit,40,36,4
Shiseido,Deep Cleansing Foam,47,36,11
CLINIQUE,Acne Solutions Acne + Line Correcting Serum,115,36,79
Paula's Choice,CLINICAL Ceramide-Enriched Firming Eye Cream,43,35,8
SEPHORA COLLECTION,Facial Razor Set,41,35,6
Tata Harper,Hydrating Hyaluronic Acid Floral Essence,94,35,59
La Mer,The Lip Volumizer,56,35,21
First Aid Beauty,FAB Pharma Calamine Pore Purging Mask,41,35,6
Clarins,Lotus Balancing & Hydrating Natural Face Treatment Oil,139,35,104
StriVectin,Intensive Eye Cream Concentrate for Wrinkles PLUS,40,35,5
Algenist,GENIUS Ultimate Anti-Aging Vitamin C+ Serum,229,35,194
SEPHORA COLLECTION,Firming Eye Cream with Peptides,44,35,9
FaceGym,Youthful Active Roller with Niacinamide,38,34,4
Origins,Plantscription Retinol Night Moisturizer,39,34,5
CLINIQUE,All About Clean Foaming Facial Soap,118,34,84
COOLA,Sunless Tan Firming Lotion,40,34,6
Dr. Jart+,Dermask Micro Jet Brightening Solution,70,34,36
FaceGym,Faceshot Electric Microneedling Device + Vitamin Ampoules,37,34,3
FaceGym,Hyaluronic Acid Roller Dissolving Microneedling Tool,37,34,3
Isle of Paradise,Blending Brush,36,34,2
Mario Badescu,Botanical Exfoliating Scrub,37,33,4
Kate Somerville,Wrinkle Warrior Eye Gel Visible Dark Circle Eraser,90,33,57
La Mer,The Cleansing Micellar Water,45,33,12
SEPHORA COLLECTION,Firming Night Cream with Peptides,46,33,13
TULA Skincare,Claydate Detoxifying & Toning Face Mask Stick,36,33,3
CLINIQUE,Clarifying Lotion 1,200,33,167
FOREO,UFO 2,38,33,5
Dr. Brandt Skincare,Hyaluronic Facial Cream,46,33,13
CLINIQUE,Repairwear Anti-Gravity Eye Cream,282,32,250
SEPHORA COLLECTION,Face Mask Applicator,39,32,7
Dr. Brandt Skincare,Do Not Age with Dr. Brandt Triple Peptide Eye Cream,146,32,114
Mario Badescu,"Mini Facial Spray with Aloe, Chamomile and Lavender",48,32,16
Fenty Skin,Hydra Vizor Invisible Moisturizer Broad Spectrum SPF 30 Sunscreen with Niacinamide Refill,37,32,5
TULA Skincare,Firm Up Deep Wrinkle Serum,38,32,6
LANEIGE,Midnight to Morning Hydration Set,39,32,7
COOLA,Classic Face Sunscreen SPF 50 White Tea,47,32,15
TAN-LUXE,Super Glow Body Hyaluronic Self-Tan Serum,47,32,15
ROSE Ingleton MD,Blemish Control Booster Serum,33,32,1
Charlotte Tilbury,Instant Magic Facial Dry Sheet Mask,53,32,21
The Ordinary,Ethylated Ascorbic Acid 15% Solution,42,31,11
SEPHORA COLLECTION,Black Obsidian Face and Body Gua Sha,41,31,10
SEPHORA COLLECTION,The Clarifying Kit,33,31,2
Biossance,Mini Squalane + Vitamin C Rose Firming Oil,40,31,9
Dr. Barbara Sturm,Anti-Pollution Drops,49,31,18
Est√©e Lauder,Advanced Night Repair Treatment Intense Reset Concentrate,37,31,6
Mario Badescu,Buffering Lotion,41,31,10
La Mer,The Tonic,45,31,14
Est√©e Lauder,Perfectionist CP+R Wrinkle Lifting/Firming Serum,94,31,63
Iconic London,Prep Set Tan Tanning Mist with Hyaluronic Acid,38,31,7
La Mer,The Lifting and Firming Mask,42,31,11
RANAVAT,Hydrating Jasmine Mist - Royal Refresh,35,31,4
ROSE Ingleton MD,Complexion Brightening Booster Serum,34,31,3
Algenist,POWER Advanced Wrinkle Fighter 360¬∞ Eye Serum,88,31,57
StriVectin,Multi Action Clear Acne Clearing Treatment Lotion for Breakouts,31,31,0
HUM Nutrition,Wing Man Liver Detox and Dark Circle Supplement,63,31,32
MARA,Sea Silk Lip Balm,37,30,7
St. Tropez,Self Tan Purity Water Gel,58,30,28
Algenist,ELEVATE Advanced Retinol Serum,39,30,9
Skinfix,Barrier+ Lip Repair Balm,65,30,35
HUM Nutrition,Big ChillAdaptogenStress Management Supplement,69,30,39
Kate Somerville,Gentle Daily Wash,220,30,190
IT Cosmetics,Mini Confidence in a Cream Hydrating Moisturizer,47,30,17
Mario Badescu,Silver Powder,33,30,3
Paula's Choice,RESIST Barrier Repair Moisturizer with Retinol,37,30,7
MACRENE actives,Moisturizing High Performance Face Cream with Peptides,31,30,1
Charlotte Tilbury,Multi-Miracle Glow Cleansing Balm,35,29,6
TULA Skincare,Your Best Skin at Every Age Firming & Smoothing Discovery Kit,41,29,12
Dermalogica,Daily Brightness Boosters Kit,30,29,1
Kiehl's Since 1851,Dermatologist Solutions Centella Sensitive Cica-Cream,33,29,4
Dr. Barbara Sturm,The Better B Niacinamide Serum,30,29,1
Lanc√¥me,Rose Sugar Scrub,42,29,13
Origins,Bestsellers Recruitment Set,42,29,13
Lanc√¥me,R√©nergie Lift Multi-Action Night Cream,56,29,27
Dr. Barbara Sturm,Balancing Toner,30,29,1
Dior,Dreamskin Skin Perfector Refill,35,29,6
CLINIQUE,Fresh Pressed Renewing Powder Cleanser with Pure Vitamin C,38,29,9
Algenist,Advanced Anti-Aging Repairing Oil,245,28,217
Fenty Skin,Melt Awf Jelly Oil Makeup-Melting Cleanser,32,28,4
IT Cosmetics,Confidence in a Neck Cream,48,28,20
The Nue Co.,Mini Debloat+ Anti-Bloat Supplement with Digestive Enzymes,31,28,3
alpyn beauty,Mini Melt Moisturizer with Bakuchiol and Squalane,31,28,3
CLINIQUE,Acne Solutions Oil-Control Cleansing Mask,281,28,253
Shiseido,Future Solution LX Eye and Lip Contour Regenerating Cream,36,28,8
Mario Badescu,Facial Spray with Aloe Sage & Orange Blossom,32,28,4
Murad,Rapid Collagen Infusion,125,28,97
Dermalogica,Stress Positive Eye Lift Mask,36,28,8
Algenist,GENIUS Ultimate Anti-Aging Eye Cream,116,28,88
BeautyBio,GLOfacial Hydro-Infusion Pore Cleansing + Blue LED Clarifying Tool,34,27,7
Paula's Choice,Water-Infusing Electrolyte Moisturizer,44,27,17
SEPHORA COLLECTION,AHA Peeling Masks,39,27,12
Isle of Paradise,Self-Tanning Water Refill,42,27,15
Origins,Plantscription Anti-Aging Power Eye Cream,129,27,102
SEPHORA COLLECTION,Mini Rose Quartz Facial Roller,40,27,13
SEPHORA COLLECTION,Glow Peel Pads with AHA + PHA,30,27,3
tarte,Mini Baba Bomb Moisturizer,36,27,9
Drunk Elephant,Mini Beste No. 9 Jelly Cleanser,35,27,8
Tata Harper,Hydrating Floral Mask,32,27,5
fresh,Black Tea Corset Firming Serum,102,27,75
La Mer,The Eye Balm Intense,55,27,28
innisfree,Clarifying Cleansing Foam with Bija Seed Oil,37,27,10
La Mer,The Intensive Revitalizing Mask,35,27,8
Mount Lai,De-Puffing Rose Quartz Eye Treatment Tool,29,27,2
Iconic London,Prep Set Tan Face and Body Brush,28,27,1
SEPHORA COLLECTION,Targeted Dark Spots Serum,36,26,10
Kate Somerville,Age Arrest Anti-Wrinkle Cream,86,26,60
SEPHORA COLLECTION,Vitamin Eye Masks,35,26,9
Isle of Paradise,Prep It Self-Tan Priming Spray,32,26,6
CLINIQUE,Repairwear Laser Focus Wrinkle Correcting Eye Cream,150,26,124
Saint Jane Beauty,Luxury Lip Shine ‚Äì Longwear Hydration Lip Oil with Vitamin C,29,26,3
Bobbi Brown,Vitamin Enriched Face Base Jumbo,26,26,0
Dr. Dennis Gross Skincare,Alpha Beta Daily Essentials - Universal,27,26,1
Shiseido,Refreshing Cleansing Sheets,34,26,8
Mario Badescu,Witch Hazel & Rosewater Toner,34,26,8
TAN-LUXE,Mini THE FACE Illuminating Self-Tan Drops,39,26,13
Bobbi Brown,Soothing Face Cleanser Oil,32,26,6
SK-II,GenOptics Aura Essence Serum,132,26,106
Mario Badescu,Buttermilk Moisturizer,35,26,9
MARA,Algae + Zinc Sea Kale Mineral Sunscreen S√©rum SPF 30,28,25,3
BeautyBio,The Quench Quadralipid Rapid Recovery Facial Moisturizer,39,25,14
Origins,Plantscription SPF 25 Power Anti-Aging Oil-Free Cream,45,25,20
Shiseido,Oil Control Blotting Paper,33,25,8
LANEIGE,Mini Water Bank Blue Hyaluronic Cream Moisturizer,37,25,12
FaceGym,Hydrating Active Roller with Hyaluronic Acid,30,25,5
HUM Nutrition,Here Comes The Sun Vitamin D Immune System Support Supplement,46,25,21
Est√©e Lauder,Advanced Night Micro Cleansing Balm,61,25,36
Dr. Jart+,Dermask Intra Jet Wrinkless Solution,63,25,38
Origins,MINI GINZING VITAMIN C EYE CREAM TO BRIGHTEN AND DEPUFF,42,24,18
StriVectin,Multi Action Clear Acne Control 30-Day Trial Kit,24,24,0
BeautyBio,ZenBubble Bi-Phase Toner Serum,24,24,0
SEPHORA COLLECTION,Targeted Wrinkle Serum,28,24,4
Anastasia Beverly Hills,Hydrating Oil,27,24,3
Alpha-H,Mini Liquid Gold Exfoliating Treatment with Glycolic Acid,34,24,10
SEPHORA COLLECTION,Clean Watermelon After Sun Mask,27,24,3
Dr. Barbara Sturm,Sun Drops SPF 50,67,24,43
SEPHORA COLLECTION,Clean Hemp Mask,36,24,12
GUERLAIN,Midnight Secret Late Night Recovery Treatment Anti-Fatigue Serum,49,24,25
Dr. Barbara Sturm,Super Anti-Aging Serum,38,24,14
Dr. Barbara Sturm,Mini Super Anti-Aging Serum,38,24,14
SEPHORA COLLECTION,Illuminating Hydrator - Radiance + Smoothing,46,24,22
CLINIQUE,Clinique Smart Clinical MD Multi-Dimensional Age Transformer Revolumize,49,24,25
goop,GOOPGENES All-In-One Super Nutrient Face Oil,37,23,14
SEPHORA COLLECTION,Grapefruit Peeling Mask - Skin Perfection,36,23,13
Clarins,Multi-Active Anti-Aging Day Moisturizer with SPF 20 for Glowing Skin,75,23,52
TAN-LUXE,Wonder Oil Illuminating Self-Tan Oil,33,23,10
caliray,Get Lit Skin and Mood Boosting Supplement,24,23,1
Murad,"Youth Renewal Retinol Trial Kit for Smoother, Younger-Looking Skin",33,23,10
StriVectin,The Gamechangers,25,23,2
CLINIQUE,Clarifying Lotion 4,226,23,203
Dr. Dennis Gross Skincare,Alpha Beta Daily Essentials - Extra Strength,26,23,3
Clarins,Multi-Active Anti-Aging Night Moisturizer for Glowing Skin,67,23,44
CLINIQUE,All About Clean 2-in-1 Cleansing + Exfoliating Jelly,23,22,1
fresh,Mini Black Tea Instant Perfecting Mask,28,22,6
FaceGym,Supreme Restructure Collagen-Boosting Cermide Cream,25,22,3
Dermalogica,Skin Resurfacing Lactic Acid Cleanser,28,22,6
Dior,Hydra Life Deep Hydration Sorbet Water Essence,32,22,10
Algenist,ELEVATE Advanced Lift Contouring Cream,37,22,15
KORA Organics,Rose Quartz Facial De-Puffing & Lifting Gua Sha,28,21,7
Dermalogica,Active Clay Prebiotic Cleanser,23,21,2
REN Clean Skincare,Glow One Step Further Radiance Kit,29,21,8
Sunday Riley,All About Acne Breakout + Blackhead Set,25,21,4
Peter Thomas Roth,Water Drench Hyaluronic Cloud Hydrating Eye Gel,37,21,16
Shiseido,Treatment Softener Enriched,26,21,5
COOLA,Classic Body Organic Sunscreen Spray SPF 50 Fragrance-Free,77,21,56
CLINIQUE,Clarifying Lotion 1.0 Twice A Day Exfoliator,42,21,21
SEPHORA COLLECTION,Brightening Dual Facial Enzyme Exfoliator,25,21,4
Murad,Perfecting Day Cream Broad Spectrum SPF 30 PA+++,174,21,153
Origins,Dr. Andrew Weil for Origins Mega-Mushroom Relief & Resilience Hydra Burst Gel Lotion,29,21,8
Dr. Brandt Skincare,Do Not Age with Dr. Brandt Moisturizing Neck Cream,102,21,81
Kiehl's Since 1851,Rare Earth Pore Refining Tonic,33,21,12
Dr. Jart+,Cicapair Tiger Grass Calming Serum Mask,25,21,4
Mount Lai,Massaging Jade Textured Facial Roller,29,21,8
DERMAFLASH,MINI Precision Peach Fuzz Removal Device,28,21,7
Est√©e Lauder,Resilience Multi-Effect Night Tri-Peptide Face and Neck Moisturizer Creme,27,20,7
SEPHORA COLLECTION,Clean Peeling Mask,22,20,2
LANEIGE,BTS |  Amorepacific Lip Sleeping Mask Lip & Pop Edition Set,24,20,4
Dr. Brandt Skincare,needles no more Neck Sculpting Cream,31,20,11
LANEIGE,Water Bank Cleansing Foam,29,20,9
CLINIQUE,Smart Broad Spectrum SPF 15 Custom-Repair Moisturizer for Dry Combination Skin,35,20,15
HUM Nutrition,OMG! Omega The Great Fish Oil Supplement,65,20,45
La Mer,The Revitalizing Hydrating Serum,29,20,9
RANAVAT,Detoxifying Facial Massage Tool - Kansa Wand,22,20,2
Dr. Barbara Sturm,Face Cream Rich,22,19,3
Charlotte Tilbury,Goddess Cleansing Ritual Duo,22,19,3
COOLA,Sunless Tan Express Sculpting Mousse,27,19,8
Algenist,POWER Advanced Wrinkle Fighter Moisturizer,77,19,58
Augustinus Bader,Mini The Rich Cream with TFC8 Face Moisturizer,32,19,13
FOREO,Call It A Night Activated Mask,22,19,3
COOLA,Sunless Tan Dry Body Oil Mist,23,19,4
Supergoop!,Mini Mineral Mattescreen Sunscreen SPF 40 PA+++,24,19,5
SEPHORA COLLECTION,Self-Tanning Body Mousse,31,19,12
Paula's Choice,RESIST Weightless Advanced Repairing Toner,25,19,6
TAN-LUXE,Super Gloss Instant Bronzing Face Drops with SPF 30,24,19,5
Peter Thomas Roth,FIRMx Collagen Moisturizer,31,19,12
Charlotte Tilbury,Mini Charlotte‚Äôs Magic Serum with Vitamin C,41,19,22
SEPHORA COLLECTION,Metal Facial Razor Refills,22,19,3
Shiseido,White Lucent Brightening Gel Cream,33,19,14
Glossier,Super Pure Clarifying Face Serum with Niacinamide + Zinc,20,19,1
Dr. Brandt Skincare,needles no more 3-D LIP PLUMPFIX,38,19,19
ROSE Ingleton MD,Calming Hydration Booster Serum,21,19,2
Shiseido,Complete Cleansing Microfoam,23,19,4
La Mer,Treatment Lotion Hydrating Mask,23,19,4
Algenist,Mini GENIUS Liquid Collagen,35,19,16
Evian,Brumisateur Natural Mineral Water Facial Spray Travel Trio,91,19,72
Lanc√¥me,Rose Milk Re-Hydrating Mist,29,19,10
Est√©e Lauder,Perfectionist Pro Rapid Brightening Serum with Ferment¬≤ + Vitamin C,23,19,4
La Mer,Mini The Lifting and Firming Mask,22,18,4
Sunday Riley,Superstars Anti-Aging Serum and Eye Kit,26,18,8
NuFACE,NuFACE Hydrating Aqua Gel,22,18,4
Shiseido,Future Solution LX Extra Rich Cleansing Foam,23,18,5
Clarins,Extra-Firming & Smoothing Day Moisturizer with SPF 15,24,18,6
SEPHORA COLLECTION,Clarifying Toner with Niacinamide and Zinc,19,18,1
Biossance,Mini Squalane + Omega Repair Deep Hydration Moisturizer,31,18,13
SOBEL SKIN Rx,30% Glycolic Acid Peel Concentrate,24,18,6
FOREO,Youth Junkie Activated Mask,19,18,1
Dr. Brandt Skincare,Do Not Age with Dr. Brandt Time Defying Cream,88,18,70
Wishful,Lift & Contour 1% Bakuchiol & Peptide Eye Serum,26,18,8
StriVectin,Power Starters Tightening Trio,19,18,1
Jack Black,Lip Service - Lip Balm Duo Mint & Shea,19,18,1
Mount Lai,De-Puffing Jade Eye Treatment Tool,19,18,1
SEPHORA COLLECTION,Clarifying Lotion,29,18,11
Kate Somerville,DermalQuench +Retinol Advanced Resurfacing Treatment,74,17,57
INC.redible,Party Recharge Cryo Me Crazy Under-eye Masks,18,17,1
Mario Badescu,Oil Free Moisturizer Broad Spectrum SPF 30,31,17,14
Shiseido,Future Solution LX Concentrated Balancing Softener,17,17,0
goop,GOOPGLOW 20% Vitamin C and Hyaluronic Glow Serum,28,17,11
Jack Black,Lip Balm Trio,18,17,1
Mount Lai,Jade Tension Melting Massager for Face & Neck,22,17,5
Algenist,Overnight Restorative Cream,239,17,222
FOREO,IRIS Illuminating Eye Massager,60,17,43
SEPHORA COLLECTION,The Hydrating Kit,18,17,1
The Nue Co.,Skin Filter Daily Brightening Phyto-Retinol + AHA Serum,17,17,0
Lanc√¥me,Tonique Radiance Clarifying Refining Toner,165,17,148
BeautyBio,Cryo Skin Icing Dual-Ended Roller,21,17,4
Dior,Capture Youth Age-Delay Advanced Eye Treatment,30,17,13
Tatcha,Mini Favorites Set,19,17,2
Shiseido,Extra Rich Cleansing Milk,21,17,4
Lanc√¥me,R√®nergie Lift Multi-Action Ultra Double-Wrapping Cream Face Mask,18,17,1
alpyn beauty,Peel and Plump Skin-Smoothing Duo,18,17,1
ROSE Ingleton MD,Retexturizing Retinol Booster Serum,18,17,1
Supergoop!,PLAY Body Sunscreen Mousse SPF 50,24,17,7
CLINIQUE,Take The Day Off Cleansing Balm Makeup Remover Duo,18,17,1
Shiseido,Vital Perfection Uplifting and Firming Cream Day Cream,19,17,2
innisfree,Green Tea Hyaluronic Acid Face Cleanser,27,17,10
Est√©e Lauder,NightWear Plus Anti-Oxidant Night Detox Moisturizer Creme,46,17,29
Dermalogica,Daily Microfoliant Exfoliator Refill Pack,17,17,0
Alpha-H,Liquid Gold Midnight Reboot Serum with 14% Glycolic Acid and Tripeptide-5,16,16,0
LANEIGE,Water Bank Blue Hyaluronic Exfoliating Toner,17,16,1
Mario Badescu,Super Collagen Mask,21,16,5
St. Tropez,Purity Tanning Waters Mini Kit,30,16,14
Flora + Bast,APHRODISIA Intimate Arousal Cannabis Oil,19,16,3
Glossier,Super Bounce Hyaluronic Acid + Vitamin B5 Hydrating Face Serum,17,16,1
Algenist,ALIVE Prebiotic Balancing Moisturizer SPF 15,30,16,14
SEPHORA COLLECTION,Hemp Mousse Mask - Anti-Blemish,26,16,10
Shiseido,White Lucent Power Brightening Mask,79,16,63
iluminage,Touch Home Permanent Hair Removal Device,100,16,84
CLINIQUE,Smart Clinical Repair Wrinkle Correcting Rich Cream,17,16,1
Dior,Hydra Life Cooling Hydration Sorbet Eye Gel,31,16,15
Lanc√¥me,Rose Sorbet Cryo-Mask,27,16,11
TWEEZERMAN,Prep & Plane Facial Razors,38,16,22
NuFACE,NuFACE Firming and Brightening Silk Cr√®me,16,16,0
Dermalogica,Age Reversal Eye Complex,23,16,7
Dior,One Essential Eye Serum,27,16,11
Glossier,Milky Oil Dual-Phase Waterproof Makeup Remover,19,16,3
Tata Harper,Cr√®me Riche Anti-Aging Peptide Night Cream,21,16,5
Fenty Skin,Mini Total Cleans'r Makeup Removing Cleanser,23,16,7
FOREO,LUNA 4 Facial Cleansing & Firming Massage for Balanced Skin,16,16,0
Isle of Paradise,Disco Tan Instant Wash-Off Body Bronzer,24,15,9
Dior,Rouge Dior Lip Balm,30,15,15
CLINIQUE,Pore Refining Solutions Stay-Matte Hydrator,92,15,77
FOREO,Make My Day Activated Mask,18,15,3
Glossier,Priming Moisturizer Rich Face Cream with Ceramides,23,15,8
Bobbi Brown,Hydrating Water Fresh Cream Moisturizer,18,15,3
Hyper Skin,Hyper Even Daily Duo Kit for Hyperpigmentation,15,15,0
Peace Out,Retinol Anti-Aging Power Duo,19,15,4
Tatcha,Ageless Revitalizing Neck Cream,20,15,5
FOREO,LUNA 4 Facial Cleansing & Firming Massage for Sensitive Skin,15,15,0
Soleil Toujours,Brightening Eye Cream Mineral SPF 15 with Peptides,15,15,0
TAN-LUXE,The Cr√®me Gradual Self-Tanning Face Moisturizer,18,15,3
La Mer,Mini The Concentrate Serum,18,15,3
goop,GOOPGENES Nourishing Repair Body Butter,23,15,8
TAN-LUXE,SLEEP OIL Rejuvenating Miracle Tanning Oil,24,15,9
DERMAFLASH,THE ESSENTIALS Sonic Dermaplaning Refill Kit,16,15,1
NuFACE,NuBODY Skin Toning Device,20,15,5
Dior,Capture Totale Firming & Wrinkle-Correcting Eye Cream,18,15,3
goop,G.Tox Malachite and Fruit Acid Pore Purifying Cleanser,18,15,3
Clarins,Santal Soothing & Hydrating Natural Face Treatment Oil,25,15,10
Paula's Choice,RESIST Anti-Aging Clear Skin Hydrator,25,14,11
Algenist,Regenerative Anti-Aging Moisturizer,221,14,207
HUM Nutrition,Uber Energy Adrenal Fatigue and Adaptogen Supplement,65,14,51
St. Tropez,Self Tan Express Bronzing Gel,23,14,9
StriVectin,Multi Action Clear Gentle Daily Brightening & Retexturizing Toner for Acne and Breakouts,15,14,1
OLEHENRIKSEN,Balance It All Oil Control & Pore-Refining Set,23,14,9
tarte,Mini knockout daily exfoliating cleanser,19,14,5
fresh,Rose Hydration Pore-Minimizing Mist,17,14,3
Glossier,Solution Skin-Perfecting Daily Chemical Exfoliator,21,14,7
tarte,Mini SEA Mermaid Skin Hyaluronic H2O Serum,21,14,7
Origins,Dr. Andrew Weil for Origins Mega-Mushroom Relief & Resilience Soothing Cream,16,14,2
Jack Black,Skin Saviors,14,14,0
Herbivore,Skin in the Clouds Set,18,14,4
SEPHORA COLLECTION,Vitamin Face Masks,17,14,3
Community Sixty-Six,Oil Control Moisturizer with Niacinamide,20,14,6
Alpha-H,Beauty Sleep Power Peel Age-Defying Night Peel,15,14,1
Dr. Barbara Sturm,The Good C Vitamin C Serum,24,14,10
Kate Somerville,Age Arrest Eye Cream,51,14,37
Shiseido,Benefiance Pure Retinol Intensive Revitalizing Face Mask,60,13,47
First Aid Beauty,Hydrating Ultra Repair Cream Duo,13,13,0
La Mer,Mini The Cleansing Foam,23,13,10
Clarins,Hydrating Gentle Foaming Cleanser with Aloe Vera,24,13,11
Kate Somerville,Mini Liquid ExfoliKate Triple Acid Resurfacing Treatment,18,13,5
Est√©e Lauder,Advanced Night Micro Cleansing Foam,26,13,13
Algenist,ELEVATE Firming & Lifting Neck Cream,18,13,5
Dior,Capture Youth Glow Booster Age-Delay Illuminating Serum,15,13,2
Est√©e Lauder,"DayWear Advanced Multi-Protection Anti-Oxidant Creme, Dry",23,13,10
Sunday Riley,Wake Up With Me Morning Routine Kit,16,13,3
FOREO,LUNA play plus 2,21,13,8
Dr. Jart+,Cryo Rubber Mask with Firming Collagen,13,13,0
ROSE Ingleton MD,SuperFruit Gentle Brightening Cleanser,14,13,1
SK-II,Pitera Power Kit,17,13,4
Origins,Mini Original Skin Matte Moisturizer with Willowherb,14,13,1
goop,GOOPGENES Clean Nourishing Lip Balm Trio,27,13,14
The Ordinary,The Bright Set,17,13,4
innisfree,Green Tea Hyaluronic Acid Hydrating Toner,15,13,2
FOREO,LUNA 4 Facial Cleansing & Firming Massage for Combination Skin,13,13,0
LANEIGE,Water Bank Blue Hyaluronic Revitalizing Toner,17,13,4
BeautyBio,GloPRO Prep Pads Clarifying Skin Cleansing Wipes with Peptides,18,12,6
Dr. Barbara Sturm,Clarifying Face Cream,22,12,10
The Nue Co.,Barrier Culture Moisturizer with Niacinamide & Squalane,12,12,0
Shiseido,White Lucent Overnight Cream & Mask,23,12,11
GUERLAIN,Abeille Royale Day Cream,14,12,2
goop,G.Tox Malachite and AHA Pore Refining Tonic,15,12,3
Augustinus Bader,Mini The Cream with TFC8 Face Moisturizer,17,12,5
Glow Recipe,Mini Watermelon Glow Niacinamide Dew Drops,15,12,3
The Ordinary,Glucoside Foaming Cleanser,16,12,4
Alpha-H,Liquid Gold Firming Eye Cream,17,12,5
Isle of Paradise,Over It Magic Self-Tan Eraser,25,12,13
goop,Knock Me Out Sleep Chews,21,12,9
NuFACE,Trinity Facial Toning Device + Wrinkle Reducer Attachment Bundle,22,12,10
Supergoop!,PLAY Antioxidant Body Sunscreen Mist SPF 30 PA++++,19,12,7
CLINIQUE,Clinique iD:  Moisturizer + Concentrate for Pores & Uneven Texture,26,12,14
Caudalie,Deep Exfoliating Cleanser,13,12,1
La Mer,Cr√®me de La Mer Duet,13,12,1
Peter Thomas Roth,Max Matte Shine Control Sunscreen Broad Spectrum SPF 45,37,12,25
Mario Badescu,"Facial Spray with Aloe Adaptogens, and Coconut Water",14,11,3
Dr. Barbara Sturm,Clarifying Mask,16,11,5
Est√©e Lauder,Nutritious Super-Pomegranate Radiant Energy Night Moisturizer Creme/Mask,20,11,9
Hourglass,Equilibrium Day Fluid Sunscreen Broad Spectrum SPF 30,16,11,5
tarte,Brazilliance 2HR Express Deep Foaming Self-Tanner,24,11,13
innisfree,Green Tea Hydrating Cleansing Oil,13,11,2
SEPHORA COLLECTION,Vitamin C Skincare Set,12,11,1
CLINIQUE,Clinique Smart Clinical MD Multi-Dimensional Age Transformer Resculpt,16,11,5
BeautyBio,GloPRO BODY MicroTip Attachment Head,14,11,3
Lanc√¥me,R√©nergie Lift Multi-Action Day Cream with SPF 15 - All Skin Types,37,11,26
Dr. Barbara Sturm,Face Cream Light,15,11,4
Glossier,Priming Moisturizer Balance Oil-Control Gel-Cream,13,11,2
The Nue Co.,"Barrier Culture Cleanser Pre-, Pro- & Postbiotic Face Wash",11,11,0
Dior,Capture Totale Intensive Night Restorative Cr√®me,44,11,33
Kiehl's Since 1851,Mini Clearly Corrective Dark Spot Correcting Serum,23,11,12
Est√©e Lauder,Perfectly Clean Multi-Action Toning Lotion/Refiner,28,11,17
CLINIQUE,Superdefense SPF 25 Fatigue + 1st Signs of Age Multi-Correcting Cream,17,11,6
La Mer,Mini The Renewal Oil,13,11,2
Peter Thomas Roth,Potent-C Power Brightening Hydra-Gels,28,11,17
St. Tropez,Self Tan Express Starter Kit,19,11,8
Dr. Brandt Skincare,Do Not Age with Dr. Brandt Transforming Pearl Serum,54,11,43
Drunk Elephant,Day Dream Vitamin C + Hydration Serum Duo 2.0,24,11,13
Glossier,Priming Moisturizer Lightweight Buildable Face Cream,17,11,6
Dr. Jart+,Dermask Intra Jet Firming Solution,49,11,38
Dr. Barbara Sturm,Calming Serum,18,11,7
Charlotte Tilbury,Cryo-Recovery Lifting Face Mask with Acupressure Technology,26,11,15
Est√©e Lauder,Advanced Night Repair Concentrated Eye Treatment Mask,14,11,3
Soleil Toujours,Hydra Lip Masque Mineral SPF 15 with Peptides,12,10,2
Peter Thomas Roth,Water Drench Hyaluronic Cloud Makeup Removing Gel Cleanser,14,10,4
Est√©e Lauder,"Mini DayWear Advanced Multi-Protection Anti-Oxidant Creme, Normal/Combination",11,10,1
SK-II,Brightening Derm Revival Mask,62,10,52
innisfree,Hydration Heroes Green Tea Skincare Routine Set,18,10,8
Tatcha,Clarifying Cleanse + Hydrate Duo,19,10,9
Farmacy,"Cleanse + Treat Duo Nighttime Routine for Clean, Smooth Skin",10,10,0
fresh,Lotus Youth Preseve Rescue Mask Mini,15,10,5
Paula's Choice,Clear Skin Kit Acne Treatment Kit,16,10,6
BeautyBio,GloPRO SCALP MicroTip Attachment Head,11,10,1
Dior,Capture Totale Super Potent Cleanser,11,10,1
Dr. Barbara Sturm,Darker Skin Tones Hyaluronic Serum,11,10,1
Dior,Capture Youth Plump Filler Age-Delay Plumping Serum,13,10,3
SEPHORA COLLECTION,Prebiotic Smoothie Mask,12,10,2
Fenty Skin,Mini Hydra Vizor Invisible Moisturizer Broad Spectrum SPF 30 Sunscreen with Niacinamide,14,10,4
CLINIQUE,Turnaround Revitalizing Serum,138,10,128
Charlotte Tilbury,Collagen Superfusion Firming & Plumping Facial Oil,12,10,2
Glossier,Invisible Shield Water-Gel Transparent Sunscreen SPF 35,13,10,3
Alpha-H,Triple Action Cleanser,12,10,2
Shiseido,White Lucent Day Emulsion Broad Spectrum SPF 23,16,10,6
SEPHORA COLLECTION,3-in-1 Extractor Tool,20,10,10
Kiehl's Since 1851,Super Multi-Corrective Cream Sunscreen Broad Spectrum SPF 30,15,10,5
Sunday Riley,Go To Bed With Me Anti-Aging Night Routine,12,10,2
Est√©e Lauder,DayWear Eye Cooling Anti-Oxidant Moisture GelCreme,11,10,1
IT Cosmetics,Mini Confidence in a Cleanser,12,9,3
FOREO,Glow Addict Activated Mask,11,9,2
Est√©e Lauder,Perfectionist Pro Rapid Firm + Lift Treatment,13,9,4
Fenty Skin,Instant Reset Brightening Overnight Recovery Gel-Cream with Niacinamide Refill,9,9,0
GUERLAIN,Abeille Royale Anti-Aging Eye Cream,14,9,5
GUERLAIN,Abeille Royale Anti-Aging Eye Lifting Serum,15,9,6
Dior,Hydra Life Balancing Hydration 2 in 1 Sorbet Water,13,9,4
HUM Nutrition,Turn Back Time Turmeric Supplement for UV Damage,23,9,14
Dr. Jart+,Cryo Rubber Mask with Soothing Allantoin,9,9,0
BeautyBio,Rejuvenating Scalp + Fuller Hair Therapy Set,13,9,4
Murad,Acne Control 30-Day Trial Kit for Clearer Skin,15,9,6
SEPHORA COLLECTION,Reusable 3-Piece Grey Face Mask Set,13,9,4
Community Sixty-Six,Everyday Mineral Moisturizer SPF 30 Sunscreen,13,9,4
Dr. Brandt Skincare,Triple Active Retinol Gentle Overnight Renewal Cream,11,9,2
Clarins,V Shaping Facial Lift Depuff & Contour Serum with Hyaluronic Acid,14,9,5
Algenist,ELEVATE Firming & Lifting Contouring Eye Cream,31,9,22
tarte,Mini Micellar Magic Makeup Remover & Cleanser,14,9,5
innisfree,Volcanic Pore Clearing Facial Cleanser with AHA + BHA,10,9,1
Tatcha,Overnight Recovery Duo,10,9,1
lilah b.,Mini Aglow Cleansing Butter,17,9,8
Peter Thomas Roth,Water Drench Hyaluronic Cloud Mask Hydrating Gel,12,9,3
Mario Badescu,Anti-Aging Regimen Kit,10,9,1
The Ordinary,The Skinimalist Set,10,9,1
Clarins,Extra-Firming & Smoothing Face Mask,16,9,7
Dr. Barbara Sturm,Clarifying Acne Spot Treatment,14,9,5
BeautyBio,GloPRO Cryo Skin Icing Attachments,10,9,1
SK-II,Ultimate Revival Essence,11,9,2
CAY SKIN,Isle Body Oil SPF 30 with Sea Moss and Squalane,10,9,1
INC.redible,Hydrating Boob and Bum Sheet Mask Duo,12,9,3
Dr. Barbara Sturm,Darker Skin Tones Face Cream,9,9,0
Isle of Paradise,Blend It Multi-Purpose Self-Tan Blender,26,9,17
Dr. Barbara Sturm,Darker Skin Tones Enzyme Cleanser,9,8,1
St. Tropez,Gradual Tan Tinted Daily Firming Lotion,16,8,8
BeautyBio,The Daily Vitamin C Day Serum with Antioxidant Complex,17,8,9
Clarins,Hydrating Toner Lotion with Aloe Vera,13,8,5
Herbivore,Moon Fruit Retinol Alternative Sleep Mask,12,8,4
Caudalie,Mini Grape Water Moisturizing Face Mist,10,8,2
Paula's Choice,Complexion Clarity Kit,9,8,1
Dr. Jart+,Cryo Rubber Mask with Brightening Vitamin C,12,8,4
SK-II,GenOptics Spot Essence Serum,104,8,96
BeautyBio,GLOfacial Clarifying Salicylic & Plumping Hyaluronic Acid Concentrate,8,8,0
Sulwhasoo,Clarifying Peel Off Mask,10,8,2
Dr. Dennis Gross Skincare,Mini Alpha Beta Ultra Gentle Daily Peel Pads for Sensitive Skin,12,8,4
Dermalogica,Intensive Moisture Cleanser,11,8,3
Biossance,Radiantly Rose Duo Set,10,8,2
Youth To The People,The Youth Vault: 13-Piece Vegan Skincare + Apparel Set,8,8,0
Hyper Skin,Mini Brightening Dark Spot Vitamin C Serum,14,8,6
CLINIQUE,Refresh in 5,9,8,1
Drunk Elephant,"Anytime, Anyface Lactic Acid Serum + Protini Moisturizer Duo",8,8,0
COOLA,Dew Good Illuminating Serum SPF 30,9,8,1
Supergoop!,PLAY 100% Mineral Lotion SPF 30 with Green Algae,11,8,3
SEPHORA COLLECTION,Mattifying Blotting Papers,15,8,7
BeautyBio,The Radiance Brightening Vitamin E + Rosehip Seed Facial Oil,11,8,3
SEPHORA COLLECTION,Large Supplement Case,11,8,3
FOREO,H2Overdose Activated Mask,11,8,3
Tatcha,Strengthening Nighttime Ritual Set,8,8,0
Origins,Dr. Andrew Weil for Origins Mega-Mushroom Weightless Hydrating Moisturizer,10,8,2
Est√©e Lauder,Nutritious Super-Pomegranate Radiant Energy Moisturizer Creme,41,8,33
SEPHORA COLLECTION,Mini Cleansing Wipes - Coconut Water,10,8,2
Shiseido,Ultimate Sun Protector SPF 50+ Sunscreen Duo,10,8,2
Shiseido,Future Solution LX Total Regenerating Cream,12,8,4
Lanc√¥me,Tonique Confort Hydrating & Toning Duo,9,8,1
Dr. Dennis Gross Skincare,Mini Alpha Beta AHA/BHA Daily Cleansing Gel,14,8,6
Dr. Dennis Gross Skincare,Mini Alpha Beta Exfoliating Body Treatment Peel,17,8,9
Drunk Elephant,The Littles Skincare Travel Set,10,8,2
Josie Maran,Smooth Like Butter Kit,10,8,2
La Mer,The Lifting Eye Serum,15,7,8
Clarins,Purifying Gentle Foaming Cleanser with Salicylic Acid,17,7,10
Charlotte Tilbury,Mini Collagen Superfusion Firming & Plumping Facial Oil,7,7,0
Mario Badescu,Hyaluronic Dew Cream,15,7,8
ROSE Ingleton MD,SuperFruit Exfoliating Tonic 8% AHA Solution,7,7,0
CLINIQUE,All About Lips,169,7,162
SEPHORA COLLECTION,Sephora City Reusable Water Bottle,17,7,10
Clarins,Multi-Active Anti-Aging Day Moisturizer for Glowing Skin,7,7,0
OLEHENRIKSEN,Let's Get Luminous Brightening Essentials Set,10,7,3
OLEHENRIKSEN,Mini Glow2OH Dark Spot Toner,8,7,1
Clarins,Extra-Firming & Smoothing Night Moisturizer,8,7,1
BeautyBio,The Nightly Retinol + Peptide Anti-Aging Serum,10,7,3
CLINIQUE,Smart Night Clinical MD Multi-Dimensional Repair Treatment Retinol Serum,8,7,1
Youth To The People,"Youth Stacks: Plump It Up for Dry, Dehydrated Skin",7,7,0
Kate Somerville,Line Release Under Eye Repair Cream,70,7,63
Peter Thomas Roth,Masking Minis 5-Piece Mask Kit,8,7,1
SEPHORA COLLECTION,Firming Day Moisturizer with Peptides,16,7,9
Mario Badescu,Glycolic Eye Cream,9,7,2
innisfree,Green Tea Hyaluronic Acid Hydrating Eye Serum,10,7,3
CLINIQUE,Purifying Cleansing Brush Head Refill,13,7,6
Dr. Lara Devgan Scientific Beauty,Microdermabrasion Scrub,10,7,3
Glossier,Cleanser Concentrate AHA Clarifying and Exfoliating Face Wash,10,7,3
Shiseido,Treatment Softener,12,7,5
BeautyBio,GLOfacial Antimicrobial Treatment Tips + Cleaning Brush Accessories,7,7,0
La Mer,Mini The Moisturizing Cool Gel Cream,10,7,3
Community Sixty-Six,Hydrating Cream Cleanser with Hyaluronic Acid,8,7,1
fresh,Mini Rose Floral Toner,10,6,4
Slip,Lovely Lashes Contour Sleep Mask,8,6,2
Soleil Toujours,Daily Defense Moisturizer Mineral SPF 60 with Vitamin C,10,6,4
Tata Harper,Boosted Contouring Retinol Eye Balm,12,6,6
Dr. Barbara Sturm,Clarifying Spot Treatment,8,6,2
SEPHORA COLLECTION,Ultra Glow Mask with Vitamins C + E,6,6,0
Glossier,Universal Pro-Retinol Overnight Renewing Treatment,9,6,3
BeautyBio,Contouring + De-Puffing Rose Quartz GloPRO Attachment Head,7,6,1
goop,GOOPGLOW Flower Acids Resurfacing Toner,7,6,1
Bobbi Brown,Extra Eye Repair Cream Intense,11,6,5
Mario Badescu,"Mini Facial Spray with Aloe Adaptogens, and Coconut Water",10,6,4
Dr. Barbara Sturm,Brightening Serum,9,6,3
Dr. Barbara Sturm,The SturmGlow Kit,10,6,4
Dr. Barbara Sturm,Super Anti-Aging Eye Cream,7,6,1
BeautyBio,GloPRO FACE MicroTip Attachment Head,9,6,3
BeautyBio,R45 The Lift 3-Phase Advanced Neck Contouring Treatment,12,6,6
Dr. Barbara Sturm,Darker Skin Tones Foam Cleanser,10,6,4
Jack Black,Acne Remedy Overnight Repair Moisturizer,7,6,1
SEPHORA COLLECTION,Double-Ended Textured Facial Roller,10,6,4
SEPHORA COLLECTION,Germanium Stone Facial Massager,7,6,1
Lanc√¥me,Advanced G√©nifique Face & Eye Serum Set,8,6,2
Community Sixty-Six,Nourishing Rich Moisturizer with Hyaluronic Acid,10,6,4
Clarins,Multi-Active Anti-Aging Day Cream-Gel Moisturizer for Glowing Skin,22,6,16
L'Occitane,Immortelle Overnight Reset Eye Serum,10,6,4
CLINIQUE,Clarifying Lotion 2,7,6,1
tarte,knockout brightening gel moisturizer,8,6,2
SEPHORA COLLECTION,Eyebrow Razor Set,7,6,1
Youth To The People,Mini Mandelic Acid + Superfood Unity Exfoliant,6,6,0
Dior,Capture Youth Age-Delay Progressive Peeling Cr√®me,7,6,1
COOLA,COOLA Organic Liplux Classic Sunscreen Lip Oil SPF 30,20,6,14
Est√©e Lauder,Micro Essence Infusion Mask,24,6,18
Dr. Barbara Sturm,Brightening Face Lotion,7,6,1
Shiseido,Benefiance NutriPerfect Night Cream,36,6,30
COOLA,COOLA Scalp & Hair Mist Organic Sunscreen SPF 30,8,5,3
Charlotte Tilbury,Mini Goddess Clay Mask 15ml Travel Size,12,5,7
SK-II,SKINPOWER Essence Serum,6,5,1
SEPHORA COLLECTION,Gradual Tanning Drops Face & Body,9,5,4
Clarins,Soothing Toning Lotion with Chamomile,8,5,3
fresh,Sugar Triple-Action Lip Serum Advanced Therapy,7,5,2
BeautyBio,Head-To-Toe AfterGLO Set,6,5,1
Dr. Dennis Gross Skincare,DRx SpectraLite LED EyeCare Max Pro,5,5,0
SOBEL SKIN Rx,Oligo Peptide Eye Cream,6,5,1
IT Cosmetics,Hello Results Baby-Smooth Glycolic Peel + Caring Oil,6,5,1
L'Occitane,Hand Cream Trio,7,5,2
Supergoop!,SPF Bestsellers Kit,8,5,3
Dr. Barbara Sturm,Brightening Face Cream,5,5,0
Dr. Barbara Sturm,Aloe Vera Gel,9,5,4
SEPHORA COLLECTION,Best Sellers Set,6,5,1
Shiseido,Mini Benefiance Wrinkle Smoothing Cream Enriched,7,5,2
Dr. Jart+,Cryo Rubber Mask with Moisturizing Hyaluronic Acid,6,5,1
CLINIQUE,All About Clean 2-in-1 Charcoal Face Mask + Scrub,8,5,3
Kiehl's Since 1851,Ultra Facial Hydrating Concentrated Cleansing Bar,6,5,1
CLINIQUE,Clarifying Lotion 3,6,5,1
Dr. Barbara Sturm,Super Anti-Aging Face Cream,9,5,4
Herbivore,Waves of Clarity Skincare Set,6,5,1
Wishful,Hydrate & Glow Trio,7,4,3
Shiseido,Vital Perfection Uplifting and Firming Eye Cream,5,4,1
Dior,Hydra Life Fresh Sorbet Cr√®me Moisturizer,6,4,2
CLINIQUE,Smart Broad Spectrum SPF 15 Custom-Repair Moisturizer for Very Dry to Dry Skin,6,4,2
OLEHENRIKSEN,The Night Time Edit- Jenna Rennert X OLEHENRIKSEN,5,4,1
ROSE INC,The Brightening Essentials Skincare Gift Set,4,4,0
The INKEY List,Back to Basics: Hydration Heroes Skincare Set,4,4,0
NuFACE,Wrinkle Reducer Trinity Attachment,14,4,10
fresh,Umbrian Clay Pore Purifying Face Mask,5,4,1
Murad,Clarifying Water Gel Moisturizer with Hyaluronic Acid,8,4,4
Tata Harper,Superkind Fragrance-Free Radiance Mask,4,4,0
fresh,Treat & Tint Mini Lip Care Gift Set,5,4,1
Skin Laundry,Wrinkle Release Facial Sheet Mask,8,4,4
Youth To The People,Youth Stacks: Daily Skin Health Your Way for Pores and Oiliness,4,4,0
COOLA,Classic Face Organic Sunscreen Lotion SPF 50,4,4,0
Mario Badescu,Flower & Tonic Clay Mask,4,4,0
Caudalie,Vinoperfect  Brightening Solution Set,4,4,0
Dr. Brandt Skincare,Radiance Revitalizing Foam,4,4,0
Glossier,Super Glow Vitamin C Brightening Face Serum,12,4,8
Sulwhasoo,Essential Comfort Balancing Water,4,4,0
COOLA,Classic Face Organic Sunscreen Lotion SPF 30,6,4,2
SK-II,Ultimate Revival Cream,60,4,56
CLINIQUE,Repairwear Uplifting Firming Cream,42,4,38
Wander Beauty,Pack Up & Glow Priming Mineral SPF 40,4,4,0
Tatcha,Mini The Dewy Skin Cream,6,4,2
fresh,Hydrating Skincare Gift Set,8,4,4
Origins,Clear Improvement Zero Oil Cleanser With Charcoal,8,4,4
Caudalie,Resveratrol-Lift Ultimate Firming Set,5,4,1
Shiseido,Future Solution LX Intensive Firming Contour Serum,5,4,1
Clarins,Self Tanning Face & Body Tinted Gel,4,4,0
Bobbi Brown,Mini Must Haves Skincare Set,7,4,3
Mario Badescu,Witch Hazel & Lavender Toner,6,4,2
Isle of Paradise,Self-Tanning Mitt,6,4,2
Dr. Dennis Gross Skincare,Firm + Bright + Glow Vitamin C Lactic Set,7,4,3
Peter Thomas Roth,Multi-Masker 4-Piece Mask Kit,6,4,2
Sulwhasoo,Essential Comfort Moisture Cream,3,3,0
Dr. Barbara Sturm,Darker Skin Tones Face Cream Rich,3,3,0
Mario Badescu,Spritz. Mist. Glow. Facial Spray Trio,5,3,2
innisfree,Hydrate + Purify Mini Bestsellers Discovery Skincare Set,5,3,2
fresh,Mini Black Tea Firming Overnight Mask,3,3,0
SEPHORA COLLECTION,Feeling Groovy Yellow Jade Eye Massager Set,3,3,0
Dior,Hydra Life Intense Sorbet Cr√®me Moisturizer,3,3,0
tarte,Knockout 10% Acid Complex Serum,3,3,0
innisfree,Green Tea Hyaluronic Acid Hydrating Eye Cream,4,3,1
Clarins,Super Restorative Anti-Aging Day Moisturizer,3,3,0
First Aid Beauty,FAB Faves Trio,4,3,1
HUM Nutrition,Arctic Repair Fine Lines and Wrinkles Supplement,18,3,15
Mario Badescu,Drying Cream,4,3,1
Hourglass,Equilibrium Restorative Hydrating Cream,3,3,0
Kate Somerville,EradiKate Try-Me-Kit,4,3,1
Shani Darden Skin Care,Shani Darden by D√©esse PRO LED Light Mask,4,3,1
OLEHENRIKSEN,OLE Glow Icons Skincare Set,4,3,1
Kiehl's Since 1851,Mini Calendula Deep Clean Foaming Face Wash,3,3,0
Dr. Dennis Gross Skincare,DRx SpectraLite BodyWare Pro,4,3,1
Augustinus Bader,The Essence,4,3,1
SEPHORA COLLECTION,Facial Cooling Wands,4,3,1
Moon Juice,Mini Acid Potion AHA + BHA Resurfacing Exfoliator,4,3,1
COOLA,Mineral Face Sunscreen Sheer Matte SPF 30,6,3,3
SEPHORA COLLECTION,Wishing You Essentials Skincare Kit,4,3,1
BeautyBio,GloPRO EYE MicroTip Attachment Head,8,3,5
Augustinus Bader,The Skin Renewal System,3,3,0
Flora + Bast,Soothe + Hydrate Barrier Building Hydrosol Mist,3,3,0
fresh,Mini Floral Recovery Overnight Mask with Squalane,3,3,0
Moon Juice,Ashwagandha Organic Root Extract,3,3,0
CLINIQUE,Clinique Smart Clinical MD Multi-Dimensional Age Transformer Duo Resculpt + Revolumize,11,3,8
BeautyBio,The Quench Eye Reviving Quadralipid Eye Balm,6,3,3
Mario Badescu,Brightening Eye Serum,7,3,4
NuFACE,FIX  Line Smoothing Device,12,3,9
Mario Badescu,Hyaluronic Dew Drops Hydrating Serum,6,3,3
LANEIGE,Besties Set,5,3,2
Kate Somerville,DelIKate Try Me Kit,3,3,0
SOBEL SKIN Rx,35% Vitamin C Fusion Serum,3,3,0
tarte,Moisturizer Mini knockout brightening gel,3,3,0
Est√©e Lauder,Revitalizing Supreme+ Night Intensive Restorative Cr√®me,4,3,1
Dior,Capture Youth Intense Rescue Age-Delay Revitalizing Oil-Serum,5,3,2
CLINIQUE,Mini Acne Solutions Cleansing Foam,5,3,2
Tatcha,The Essence Skincare Boosting Treatment ‚Äì Lunar New Year Edition,3,3,0
GUERLAIN,Abeille Royale Bestsellers Travel Set,4,2,2
Mario Badescu,Mineral Sunscreen SPF 30,2,2,0
CLINIQUE,"Clean Skin, Fresh Start Acne Solutions Kit",4,2,2
Dior,Capture Totale Intensive Essence Lotion,3,2,1
Shiseido,Future Solution LX Total Protective Cream Broad Spectrum SPF 20 Sunscreen,2,2,0
Drunk Elephant,Early Bird Hydrate + Brighten Set,2,2,0
Bobbi Brown,Extra Repair Moisture Cream,2,2,0
Murad,Mini City Skin Age Defense Broad Spectrum SPF 50 PA++++,3,2,1
Sulwhasoo,Concentrated Ginseng Renewing Eye Cream,3,2,1
NuFACE,Trinity+ Starter Kit,2,2,0
Murad,Brighten Trial Kit,2,2,0
Hanni,Shower Holder,2,2,0
Clarins,Skincare Essentials Kit,2,2,0
REN Clean Skincare,Evercalm Skin Zen Trio,2,2,0
Skinfix,Acne Away Kit + Salicylic Acid + Azelaic Acid + Niacinamide,2,2,0
Charlotte Tilbury,Refillable Jumbo Magic Cream Moisturizer with Hyaluronic Acid,4,2,2
ROSE INC,Mini Solar Power Luminous SPF 30 Serum,4,2,2
Charlotte Tilbury,Mini Magic Night 15ml Travel Size,8,2,6
Dior,Dior Skin Mattifying Papers,2,2,0
Clarins,Self Tanning Face & Body Milky Lotion,3,2,1
Mario Badescu,Brightening Mask with Vitamin C,4,2,2
Hanni,Blades,3,2,1
Clarins,Total Cleansing Oil & Makeup Remover,4,2,2
DAMDAM,Cleansing & Hydrating Bestseller Set Bento Box,2,2,0
Mario Badescu,Gentle Foaming Cleanser,3,2,1
Dr. Brandt Skincare,Drop of Strength All Day Strengthening Serum,2,2,0
Tata Harper,The Clean Dream Team Set,3,2,1
Kiehl's Since 1851,Mask and Moisturize Duo Skincare Gift Set,2,2,0
COOLA,Refreshing Water Sunscreen Stick SPF 50,2,2,0
CLINIQUE,Repairwear Laser Focus Line Smoothing Cream Broad Spectrum SPF 15 for Very Dry to Dry Combination Skin,8,2,6
Clarins,Super Restorative Anti-Aging Night Moisturizer,2,2,0
CLINIQUE,Clarifying Do-Over Peel,5,2,3
Supergoop!,Play! Mineral SPF Stick,5,2,3
Biossance,Instant Hydration Set,4,2,2
goop,GOOPGENES All-in-One Nourishing Skincare Kit,2,2,0
Dior,Capture Dreamskin 1-Minute Mask,2,2,0
Augustinus Bader,The Daily Essential Duo The Cream,3,2,1
FOREO,Serum Serum Serum,13,2,11
Sulwhasoo,Overnight Vitalizing Sleeping Mask,4,2,2
Est√©e Lauder,Revitalizing Supreme+ Youth Power Eye Balm,4,2,2
GUERLAIN,Abeille Royale Night Cream,3,1,2
Algenist,Plump Pout Duo,1,1,0
SEPHORA COLLECTION,Clarifying Peel Pads Purify + Exfoliate,1,1,0
St. Tropez,Gradual Tan Classic Daily Youth Boosting Cream,2,1,1
SEPHORA COLLECTION,Acne Treatment Gel,1,1,0
Mario Badescu,The Glow Up,4,1,3
Hourglass,Equilibrium Biomimetic Skin Active Serum,1,1,0
Peter Thomas Roth,Acne-Clear Essentials 4-Piece Acne Kit,4,1,3
Moon Juice,SuperPower Immune Support Supplement,1,1,0
belif,Aqua Bomb Protect & Glow Travel Kit,2,1,1
SEPHORA COLLECTION,Clean 1 Minute Face Masks,7,1,6
Lanc√¥me,Absolue The Serum,2,1,1
Est√©e Lauder,Soft Clean Moisture Rich Foaming Cleanser,1,1,0
First Aid Beauty,Smooth + FAB Travel Size Duo,1,1,0
Fenty Skin,The Glow Around 4-Piece Travel Skincare Essentials Set,1,1,0
Sulwhasoo,White Ginseng Radiance Refining Mask,1,1,0
First Aid Beauty,Bye Bye Bumps - Best of Body Kit,1,1,0
Shiseido,White Lucent Illuminating Micro-Spot Serum,2,1,1
Youth To The People,Youth Stacks: Brighter Tomorrow Duo for Dullness,3,1,2
Caudalie,Premier Cru Fine Lines and Wrinkles Anti-Aging Set,2,1,1
Shiseido,Future Solution LX Total Protective Emulsion Broad Spectrum SPF 20 Sunscreen,2,1,1
Kate Somerville,Retinol Try Me Kit,2,1,1
Tata Harper,Superkind Refining Cleanser,1,1,0
Kate Somerville,ExfoliKate All Over Glow Kit,1,1,0
Mario Badescu,Mini Mist Collection,2,1,1
La Mer,The Hydrating Treatment Lotion & Cr√®me Set,2,1,1
Est√©e Lauder,Revitalizing Supreme+ Bright Soft Creme Moisturizer,1,1,0
CLINIQUE,Repairwear Laser Focus Line Smoothing Cream Broad Spectrum SPF 15 for Combination Oily to Oily Skin,3,1,2
CLINIQUE,3 Step Intro Kit Type II,2,1,1
Jack Black,Oil-Control Toner,4,1,3
Dr. Brandt Skincare,25 Years of Dr. Brandt Kit,2,1,1
Supergoop!,PLAY Mineral Mist SPF 30 with Marigold Extract,2,1,1
Supergoop!,100% Mineral SPF Starter Kit,5,1,4
Est√©e Lauder,Major Eye Impact Repair + Brighten Skincare Set,1,1,0
Dermalogica,Mini MultiVitamin Power Recovery Mask,2,1,1
Supergoop!,100% Mineral Sunscreen Starter Kit,1,1,0
Skin Laundry,Wrinkle Release Neck & Chest Sheet Mask,4,1,3
fresh,Prep & Treat Lip Care Gift Set,2,1,1
SEPHORA COLLECTION,Deluxe Facial Roller Set,2,1,1
Hourglass,Mini Equilibrium Rebalancing Cream Cleanser,1,1,0
Jack Black,Turbo Body Lotion Energizing Gel Moisturizer with Eucalyptus & Aloe,1,1,0
goop,G.Tox Detoxifying Superpowder,5,1,4
Erno Laszlo,Break from the Burnout Skin Wellness Set,1,1,0
BeautyBio,Eye Want It All Face + Eye Microneedling Set,2,1,1
Erno Laszlo,Big Break Soap Set,1,1,0
Dr. Brandt Skincare,Microdermabrasion Smoothing Lip Scrub,2,1,1
GUERLAIN,Abeille Royale Intense Repair Youth Oil in Balm,1,0,1
Dr. Lara Devgan Scientific Beauty,Retinol + Bakuchiol Serum 2.5x,1,0,1
Moon Juice,Supers Set,4,0,4
Tata Harper,Glow Facial Set,1,0,1
Sulwhasoo,Essential Comfort Balancing Emulsion,1,0,1
CLINIQUE,Repairwear Uplifting Firming Cream Broad Spectrum SPF 15,15,0,15
NuFACE,NuBODY - Body Toning Device,2,0,2
